1	0.004761904761904768
2	0.004761904761904768
3	0.004761904761904768
4	0.004761904761904768
5	0.004761904761904768
6	0.004761904761904768
7	0.004761904761904768
8	0.004761904761904768
9	0.004761904761904768
10	0.004761904761904768
11	0.004761904761904768
12	0.004761904761904768
13	0.004761904761904768
14	0.004761904761904768
15	0.004761904761904768
16	0.004761904761904768
17	0.004761904761904768
18	0.004761904761904768
19	0.004761904761904768
20	0.004761904761904768
21	0.004761904761904768
22	0.004761904761904768
23	0.004761904761904768
24	0.004761904761904768
25	0.004761904761904768
26	0.004761904761904768
27	0.004761904761904768
28	0.004761904761904768
29	0.004761904761904768
30	0.004761904761904768
31	0.004761904761904768
32	0.004761904761904768
33	0.004761904761904768
34	0.004761904761904768
35	0.004761904761904768
36	0.004761904761904768
37	0.004761904761904768
38	0.004761904761904768
39	0.004761904761904768
40	0.004761904761904768
41	0.004761904761904768
42	0.004761904761904768
43	0.004761904761904768
44	0.004761904761904768
45	0.004761904761904768
46	0.004761904761904768
47	0.004761904761904768
48	0.004761904761904768
49	0.004761904761904768
50	0.004761904761904768
51	0.004761904761904768
52	0.004761904761904768
53	0.004761904761904768
54	0.004761904761904768
55	0.004761904761904768
56	0.004761904761904768
57	0.004761904761904768
58	0.004761904761904768
59	0.004761904761904768
60	0.004761904761904768
61	0.004761904761904768
62	0.004761904761904768
63	0.004761904761904768
64	0.004761904761904768
65	0.004761904761904768
66	0.004761904761904768
67	0.004761904761904768
68	0.004761904761904768
69	0.004761904761904768
70	0.004761904761904768
71	0.004761904761904768
72	0.004761904761904768
73	0.004761904761904768
74	0.004761904761904768
75	0.004761904761904768
76	0.004761904761904768
77	0.004761904761904768
78	0.004761904761904768
79	0.004761904761904768
80	0.004761904761904768
81	0.004761904761904768
82	0.004761904761904768
83	0.004761904761904768
84	0.004761904761904768
85	0.004761904761904768
86	0.004761904761904768
87	0.004761904761904768
88	0.004761904761904768
89	0.004761904761904768
90	0.004761904761904768
91	0.004761904761904768
92	0.004761904761904768
93	0.004761904761904768
94	0.004761904761904768
95	0.004761904761904768
96	0.004761904761904768
97	0.004761904761904768
98	0.004761904761904768
99	0.004761904761904768
100	0.004761904761904768
101	0.004761904761904768
102	0.004761904761904768
103	0.004761904761904768
104	0.004761904761904768
105	0.004761904761904768
106	0.004761904761904768
107	0.004761904761904768
108	0.004761904761904768
109	0.004761904761904768
110	0.004761904761904768
111	0.004761904761904768
112	0.004761904761904768
113	0.004761904761904768
114	0.004761904761904768
115	0.004761904761904768
116	0.004761904761904768
117	0.004761904761904768
118	0.004761904761904768
119	0.004761904761904768
120	0.004761904761904768
121	0.004761904761904768
122	0.004761904761904768
123	0.004761904761904768
124	0.004761904761904768
125	0.004761904761904768
126	0.004761904761904768
127	0.004761904761904768
128	0.004761904761904768
129	0.004761904761904768
130	0.004761904761904768
131	0.004761904761904768
132	0.004761904761904768
133	0.004761904761904768
134	0.004761904761904768
135	0.004761904761904768
136	0.004761904761904768
137	0.004761904761904768
138	0.004761904761904768
139	0.004761904761904768
140	0.004761904761904768
141	0.004761904761904768
142	0.004761904761904768
143	0.004761904761904768
144	0.004761904761904768
145	0.004761904761904768
146	0.004761904761904768
147	0.004761904761904768
148	0.004761904761904768
149	0.004761904761904768
150	0.004761904761904768
151	0.004761904761904768
152	0.004761904761904768
153	0.004761904761904768
154	0.004761904761904768
155	0.004761904761904768
156	0.004761904761904768
157	0.004761904761904768
158	0.004761904761904768
159	0.004761904761904768
160	0.004761904761904768
161	0.004761904761904768
162	0.004761904761904768
163	0.004761904761904768
164	0.004761904761904768
165	0.004761904761904768
166	0.004761904761904768
167	0.004761904761904768
168	0.004761904761904768
169	0.004761904761904768
170	0.004761904761904768
171	0.004761904761904768
172	0.004761904761904768
173	0.004761904761904768
174	0.004761904761904768
175	0.004761904761904768
176	0.004761904761904768
177	0.004761904761904768
178	0.004761904761904768
179	0.004761904761904768
180	0.004761904761904768
181	0.004761904761904768
182	0.004761904761904768
183	0.004761904761904768
184	0.004761904761904768
185	0.004761904761904768
186	0.004761904761904768
187	0.004761904761904768
188	0.004761904761904768
189	0.004761904761904768
190	0.004761904761904768
191	0.004761904761904768
192	0.004761904761904768
193	0.004761904761904768
194	0.004761904761904768
195	0.004761904761904768
196	0.004761904761904768
197	0.004761904761904768
198	0.004761904761904768
199	0.004761904761904768
200	0.004761904761904768
201	0.004761904761904768
202	0.004761904761904768
203	0.004761904761904768
204	0.004761904761904768
205	0.004761904761904768
206	0.004761904761904768
207	0.004761904761904768
208	0.004761904761904768
209	0.004761904761904768
210	0.004761904761904768
