1	0.0024390243902438994
2	0.0024390243902438994
3	0.0024390243902438994
4	0.0024390243902438994
5	0.0024390243902438994
6	0.0024390243902438994
7	0.0024390243902438994
8	0.0024390243902438994
9	0.0024390243902438994
10	0.0024390243902438994
11	0.0024390243902438994
12	0.0024390243902438994
13	0.0024390243902438994
14	0.0024390243902438994
15	0.0024390243902438994
16	0.0024390243902438994
17	0.0024390243902438994
18	0.0024390243902438994
19	0.0024390243902438994
20	0.0024390243902438994
21	0.0024390243902438994
22	0.0024390243902438994
23	0.0024390243902438994
24	0.0024390243902438994
25	0.0024390243902438994
26	0.0024390243902438994
27	0.0024390243902438994
28	0.0024390243902438994
29	0.0024390243902438994
30	0.0024390243902438994
31	0.0024390243902438994
32	0.0024390243902438994
33	0.0024390243902438994
34	0.0024390243902438994
35	0.0024390243902438994
36	0.0024390243902438994
37	0.0024390243902438994
38	0.0024390243902438994
39	0.0024390243902438994
40	0.0024390243902438994
41	0.0024390243902438994
42	0.0024390243902438994
43	0.0024390243902438994
44	0.0024390243902438994
45	0.0024390243902438994
46	0.0024390243902438994
47	0.0024390243902438994
48	0.0024390243902438994
49	0.0024390243902438994
50	0.0024390243902438994
51	0.0024390243902438994
52	0.0024390243902438994
53	0.0024390243902438994
54	0.0024390243902438994
55	0.0024390243902438994
56	0.0024390243902438994
57	0.0024390243902438994
58	0.0024390243902438994
59	0.0024390243902438994
60	0.0024390243902438994
61	0.0024390243902438994
62	0.0024390243902438994
63	0.0024390243902438994
64	0.0024390243902438994
65	0.0024390243902438994
66	0.0024390243902438994
67	0.0024390243902438994
68	0.0024390243902438994
69	0.0024390243902438994
70	0.0024390243902438994
71	0.0024390243902438994
72	0.0024390243902438994
73	0.0024390243902438994
74	0.0024390243902438994
75	0.0024390243902438994
76	0.0024390243902438994
77	0.0024390243902438994
78	0.0024390243902438994
79	0.0024390243902438994
80	0.0024390243902438994
81	0.0024390243902438994
82	0.0024390243902438994
83	0.0024390243902438994
84	0.0024390243902438994
85	0.0024390243902438994
86	0.0024390243902438994
87	0.0024390243902438994
88	0.0024390243902438994
89	0.0024390243902438994
90	0.0024390243902438994
91	0.0024390243902438994
92	0.0024390243902438994
93	0.0024390243902438994
94	0.0024390243902438994
95	0.0024390243902438994
96	0.0024390243902438994
97	0.0024390243902438994
98	0.0024390243902438994
99	0.0024390243902438994
100	0.0024390243902438994
101	0.0024390243902438994
102	0.0024390243902438994
103	0.0024390243902438994
104	0.0024390243902438994
105	0.0024390243902438994
106	0.0024390243902438994
107	0.0024390243902438994
108	0.0024390243902438994
109	0.0024390243902438994
110	0.0024390243902438994
111	0.0024390243902438994
112	0.0024390243902438994
113	0.0024390243902438994
114	0.0024390243902438994
115	0.0024390243902438994
116	0.0024390243902438994
117	0.0024390243902438994
118	0.0024390243902438994
119	0.0024390243902438994
120	0.0024390243902438994
121	0.0024390243902438994
122	0.0024390243902438994
123	0.0024390243902438994
124	0.0024390243902438994
125	0.0024390243902438994
126	0.0024390243902438994
127	0.0024390243902438994
128	0.0024390243902438994
129	0.0024390243902438994
130	0.0024390243902438994
131	0.0024390243902438994
132	0.0024390243902438994
133	0.0024390243902438994
134	0.0024390243902438994
135	0.0024390243902438994
136	0.0024390243902438994
137	0.0024390243902438994
138	0.0024390243902438994
139	0.0024390243902438994
140	0.0024390243902438994
141	0.0024390243902438994
142	0.0024390243902438994
143	0.0024390243902438994
144	0.0024390243902438994
145	0.0024390243902438994
146	0.0024390243902438994
147	0.0024390243902438994
148	0.0024390243902438994
149	0.0024390243902438994
150	0.0024390243902438994
151	0.0024390243902438994
152	0.0024390243902438994
153	0.0024390243902438994
154	0.0024390243902438994
155	0.0024390243902438994
156	0.0024390243902438994
157	0.0024390243902438994
158	0.0024390243902438994
159	0.0024390243902438994
160	0.0024390243902438994
161	0.0024390243902438994
162	0.0024390243902438994
163	0.0024390243902438994
164	0.0024390243902438994
165	0.0024390243902438994
166	0.0024390243902438994
167	0.0024390243902438994
168	0.0024390243902438994
169	0.0024390243902438994
170	0.0024390243902438994
171	0.0024390243902438994
172	0.0024390243902438994
173	0.0024390243902438994
174	0.0024390243902438994
175	0.0024390243902438994
176	0.0024390243902438994
177	0.0024390243902438994
178	0.0024390243902438994
179	0.0024390243902438994
180	0.0024390243902438994
181	0.0024390243902438994
182	0.0024390243902438994
183	0.0024390243902438994
184	0.0024390243902438994
185	0.0024390243902438994
186	0.0024390243902438994
187	0.0024390243902438994
188	0.0024390243902438994
189	0.0024390243902438994
190	0.0024390243902438994
191	0.0024390243902438994
192	0.0024390243902438994
193	0.0024390243902438994
194	0.0024390243902438994
195	0.0024390243902438994
196	0.0024390243902438994
197	0.0024390243902438994
198	0.0024390243902438994
199	0.0024390243902438994
200	0.0024390243902438994
201	0.0024390243902438994
202	0.0024390243902438994
203	0.0024390243902438994
204	0.0024390243902438994
205	0.0024390243902438994
206	0.0024390243902438994
207	0.0024390243902438994
208	0.0024390243902438994
209	0.0024390243902438994
210	0.0024390243902438994
211	0.0024390243902438994
212	0.0024390243902438994
213	0.0024390243902438994
214	0.0024390243902438994
215	0.0024390243902438994
216	0.0024390243902438994
217	0.0024390243902438994
218	0.0024390243902438994
219	0.0024390243902438994
220	0.0024390243902438994
221	0.0024390243902438994
222	0.0024390243902438994
223	0.0024390243902438994
224	0.0024390243902438994
225	0.0024390243902438994
226	0.0024390243902438994
227	0.0024390243902438994
228	0.0024390243902438994
229	0.0024390243902438994
230	0.0024390243902438994
231	0.0024390243902438994
232	0.0024390243902438994
233	0.0024390243902438994
234	0.0024390243902438994
235	0.0024390243902438994
236	0.0024390243902438994
237	0.0024390243902438994
238	0.0024390243902438994
239	0.0024390243902438994
240	0.0024390243902438994
241	0.0024390243902438994
242	0.0024390243902438994
243	0.0024390243902438994
244	0.0024390243902438994
245	0.0024390243902438994
246	0.0024390243902438994
247	0.0024390243902438994
248	0.0024390243902438994
249	0.0024390243902438994
250	0.0024390243902438994
251	0.0024390243902438994
252	0.0024390243902438994
253	0.0024390243902438994
254	0.0024390243902438994
255	0.0024390243902438994
256	0.0024390243902438994
257	0.0024390243902438994
258	0.0024390243902438994
259	0.0024390243902438994
260	0.0024390243902438994
261	0.0024390243902438994
262	0.0024390243902438994
263	0.0024390243902438994
264	0.0024390243902438994
265	0.0024390243902438994
266	0.0024390243902438994
267	0.0024390243902438994
268	0.0024390243902438994
269	0.0024390243902438994
270	0.0024390243902438994
271	0.0024390243902438994
272	0.0024390243902438994
273	0.0024390243902438994
274	0.0024390243902438994
275	0.0024390243902438994
276	0.0024390243902438994
277	0.0024390243902438994
278	0.0024390243902438994
279	0.0024390243902438994
280	0.0024390243902438994
281	0.0024390243902438994
282	0.0024390243902438994
283	0.0024390243902438994
284	0.0024390243902438994
285	0.0024390243902438994
286	0.0024390243902438994
287	0.0024390243902438994
288	0.0024390243902438994
289	0.0024390243902438994
290	0.0024390243902438994
291	0.0024390243902438994
292	0.0024390243902438994
293	0.0024390243902438994
294	0.0024390243902438994
295	0.0024390243902438994
296	0.0024390243902438994
297	0.0024390243902438994
298	0.0024390243902438994
299	0.0024390243902438994
300	0.0024390243902438994
301	0.0024390243902438994
302	0.0024390243902438994
303	0.0024390243902438994
304	0.0024390243902438994
305	0.0024390243902438994
306	0.0024390243902438994
307	0.0024390243902438994
308	0.0024390243902438994
309	0.0024390243902438994
310	0.0024390243902438994
311	0.0024390243902438994
312	0.0024390243902438994
313	0.0024390243902438994
314	0.0024390243902438994
315	0.0024390243902438994
316	0.0024390243902438994
317	0.0024390243902438994
318	0.0024390243902438994
319	0.0024390243902438994
320	0.0024390243902438994
321	0.0024390243902438994
322	0.0024390243902438994
323	0.0024390243902438994
324	0.0024390243902438994
325	0.0024390243902438994
326	0.0024390243902438994
327	0.0024390243902438994
328	0.0024390243902438994
329	0.0024390243902438994
330	0.0024390243902438994
331	0.0024390243902438994
332	0.0024390243902438994
333	0.0024390243902438994
334	0.0024390243902438994
335	0.0024390243902438994
336	0.0024390243902438994
337	0.0024390243902438994
338	0.0024390243902438994
339	0.0024390243902438994
340	0.0024390243902438994
341	0.0024390243902438994
342	0.0024390243902438994
343	0.0024390243902438994
344	0.0024390243902438994
345	0.0024390243902438994
346	0.0024390243902438994
347	0.0024390243902438994
348	0.0024390243902438994
349	0.0024390243902438994
350	0.0024390243902438994
351	0.0024390243902438994
352	0.0024390243902438994
353	0.0024390243902438994
354	0.0024390243902438994
355	0.0024390243902438994
356	0.0024390243902438994
357	0.0024390243902438994
358	0.0024390243902438994
359	0.0024390243902438994
360	0.0024390243902438994
361	0.0024390243902438994
362	0.0024390243902438994
363	0.0024390243902438994
364	0.0024390243902438994
365	0.0024390243902438994
366	0.0024390243902438994
367	0.0024390243902438994
368	0.0024390243902438994
369	0.0024390243902438994
370	0.0024390243902438994
371	0.0024390243902438994
372	0.0024390243902438994
373	0.0024390243902438994
374	0.0024390243902438994
375	0.0024390243902438994
376	0.0024390243902438994
377	0.0024390243902438994
378	0.0024390243902438994
379	0.0024390243902438994
380	0.0024390243902438994
381	0.0024390243902438994
382	0.0024390243902438994
383	0.0024390243902438994
384	0.0024390243902438994
385	0.0024390243902438994
386	0.0024390243902438994
387	0.0024390243902438994
388	0.0024390243902438994
389	0.0024390243902438994
390	0.0024390243902438994
391	0.0024390243902438994
392	0.0024390243902438994
393	0.0024390243902438994
394	0.0024390243902438994
395	0.0024390243902438994
396	0.0024390243902438994
397	0.0024390243902438994
398	0.0024390243902438994
399	0.0024390243902438994
400	0.0024390243902438994
401	0.0024390243902438994
402	0.0024390243902438994
403	0.0024390243902438994
404	0.0024390243902438994
405	0.0024390243902438994
406	0.0024390243902438994
407	0.0024390243902438994
408	0.0024390243902438994
409	0.0024390243902438994
410	0.0024390243902438994
