1	4.802173849544067e-12
2	8.946286094747846e-14
3	4.898735713951274e-12
4	1.8388060713837862e-13
5	1.838734514040402e-13
6	5.001219707465032e-12
7	2.8377240878299514e-13
8	2.8412770183491864e-13
9	2.842540113880132e-13
10	5.1107709644199195e-12
11	3.91021145584175e-13
12	3.9108955874125884e-13
13	3.9128390198067686e-13
14	3.9129620767533457e-13
15	5.228812608587541e-12
16	5.061393470139064e-13
17	5.066069634108994e-13
18	5.071139905568622e-13
19	5.064417852099212e-13
20	5.065911340591811e-13
21	5.35873840960821e-12
22	6.340733602235027e-13
23	6.331826881388058e-13
24	6.333165328969992e-13
25	6.335656283461277e-13
26	6.333237428414462e-13
27	6.337612726281527e-13
28	5.507895138243124e-12
29	7.788769629257786e-13
30	7.782907348111157e-13
31	7.78991454675193e-13
32	7.78853381528527e-13
33	7.787247409407616e-13
34	7.788303422323617e-13
35	7.785264945735226e-13
36	5.69325923210906e-12
37	9.58843464696213e-13
38	9.584998268176437e-13
39	9.582137600744334e-13
40	9.581493584653877e-13
41	9.582151695372576e-13
42	9.584190537557935e-13
43	9.582104532578073e-13
44	9.581339627945384e-13
45	5.936866666680918e-12
46	1.1925471461032844e-12
47	1.194872000821745e-12
48	1.1924331422448475e-12
49	1.1939554705152344e-12
50	1.193224880881305e-12
51	1.1931285495182797e-12
52	1.193458634869693e-12
53	1.1932055820826348e-12
54	1.1937296312027057e-12
55	6.261190350909107e-12
56	1.5055372855517224e-12
57	1.5069943448513257e-12
58	1.505515547298164e-12
59	1.5066000205211927e-12
60	1.5063310841723077e-12
61	1.5060915839124056e-12
62	1.505940608759887e-12
63	1.5063335236271957e-12
64	1.506383993238325e-12
65	1.5060451258493146e-12
66	6.680675544018522e-12
67	1.912198426944761e-12
68	1.912317309712974e-12
69	1.911917401741653e-12
70	1.91076532851317e-12
71	1.9117646376555497e-12
72	1.911924340635557e-12
73	1.911509199623712e-12
74	1.9117166074993086e-12
75	1.9118236724638416e-12
76	1.9117239800740815e-12
77	1.9114860519073296e-12
78	7.195976887280908e-12
79	2.412344087508733e-12
80	2.412265482851228e-12
81	2.4107842458431783e-12
82	2.4117915780816346e-12
83	2.411302277641192e-12
84	2.412255508191241e-12
85	2.4109911116176885e-12
86	2.4117941801668485e-12
87	2.4117082029345704e-12
88	2.411322877482469e-12
89	2.412004623808528e-12
90	2.411509468676354e-12
91	7.796506712801077e-12
92	2.9970494402203895e-12
93	2.9967087838977946e-12
94	2.996968016637236e-12
95	2.996450635360526e-12
96	2.996958909338987e-12
97	2.996317712174179e-12
98	2.997142573187006e-12
99	2.996913156007308e-12
100	2.997109396600528e-12
101	2.9961430472041917e-12
102	2.9969533799079073e-12
103	2.9968643669095463e-12
104	2.9968173125352604e-12
105	8.461042196733493e-12
106	3.646790009727285e-12
107	3.6463119849894365e-12
108	3.647453433036629e-12
109	3.6474112575721196e-12
110	3.647131533411618e-12
111	3.6469885271450675e-12
112	3.647049784567813e-12
113	3.647305764700737e-12
114	3.647161782652231e-12
115	3.6468738185552185e-12
116	3.647291561652277e-12
117	3.647247759884509e-12
118	3.64658531235712e-12
119	3.647241146251257e-12
120	9.1632576092876e-12
121	4.3374262514994655e-12
122	4.3373106755478785e-12
123	4.3378162390209085e-12
124	4.3362161734547544e-12
125	4.3370742110540594e-12
126	4.337087872001433e-12
127	4.336484188231793e-12
128	4.33733387747437e-12
129	4.337623793135292e-12
130	4.337695025218025e-12
131	4.33670970228367e-12
132	4.337010459966317e-12
133	4.337121265428345e-12
134	4.337285630477694e-12
135	4.337265464317286e-12
136	9.87433312199526e-12
137	5.037312255685988e-12
138	5.0405699579536556e-12
139	5.038830138727468e-12
140	5.039691971034377e-12
141	5.038163245971172e-12
142	5.039316620242262e-12
143	5.0381847131741875e-12
144	5.039074951578015e-12
145	5.038346042457453e-12
146	5.039782610335997e-12
147	5.0387435109738865e-12
148	5.038998515324855e-12
149	5.03901803096396e-12
150	5.038773760214499e-12
151	5.038939534726672e-12
152	5.038730500547817e-12
153	1.0567110120957013e-11
154	5.727511347142222e-12
155	5.724570882430224e-12
156	5.7259637569612165e-12
157	5.7247859881412455e-12
158	5.7254996100111755e-12
159	5.726093535961263e-12
160	5.72458129077108e-12
161	5.725678178108984e-12
162	5.724876627442865e-12
163	5.7260618772578264e-12
164	5.7257556985643165e-12
165	5.725366795245046e-12
166	5.725874635542638e-12
167	5.72485396761746e-12
168	5.725795271943612e-12
169	5.7254590608499245e-12
170	5.725367771027001e-12
171	1.1216013577966533e-11
172	6.371444279291982e-12
173	6.3708842888698936e-12
174	6.370618767757852e-12
175	6.371597151798303e-12
176	6.371811932248672e-12
177	6.37187112968729e-12
178	6.371062965387919e-12
179	6.371858552942089e-12
180	6.370524767429497e-12
181	6.371919268263748e-12
182	6.37105505071206e-12
183	6.371312873988677e-12
184	6.370897082455529e-12
185	6.372118869883703e-12
186	6.37090965920073e-12
187	6.371325992834964e-12
188	6.372046987279667e-12
189	6.371103189288518e-12
190	1.1801061430144477e-11
191	6.957531230832037e-12
192	6.955992856369497e-12
193	6.956143126790604e-12
194	6.955184800490344e-12
195	6.956345222075555e-12
196	6.955974533352782e-12
197	6.956570736127432e-12
198	6.9572893453273554e-12
199	6.955879340402038e-12
200	6.9564112499878594e-12
201	6.95554551455313e-12
202	6.9562057936761734e-12
203	6.9566542196947134e-12
204	6.956043380190735e-12
205	6.9570786848452415e-12
206	6.955844103831432e-12
207	6.95625913642306e-12
208	6.956880709528546e-12
209	6.95627724259934e-12
210	1.2306063936970424e-11
211	7.465120969302186e-12
212	7.463015123422567e-12
213	7.464712116662942e-12
214	7.463122459437643e-12
215	7.463757910330937e-12
216	7.463164634902153e-12
217	7.464673085384732e-12
218	7.463779594374387e-12
219	7.463611434617434e-12
220	7.463528384731022e-12
221	7.464509479276904e-12
222	7.463848332792122e-12
223	7.464701816742303e-12
224	7.463314688482825e-12
225	7.46394493520569e-12
226	7.463798676332623e-12
227	7.463996326388667e-12
228	7.463720288515552e-12
229	7.464375797149037e-12
230	7.463510820655828e-12
231	1.2719299788757632e-11
232	7.881617017022058e-12
233	7.881928183045561e-12
234	7.883289615713551e-12
235	7.881588394084704e-12
236	7.88152746192261e-12
237	7.882212460855187e-12
238	7.882455972663127e-12
239	7.880714852394333e-12
240	7.882725830583859e-12
241	7.882227531265384e-12
242	7.881890127549307e-12
243	7.882002125633725e-12
244	7.881846434201756e-12
245	7.881607367622723e-12
246	7.882213436637142e-12
247	7.881435738418818e-12
248	7.882560381332337e-12
249	7.882080405030578e-12
250	7.881828219605258e-12
251	7.88151802936371e-12
252	7.882235120680592e-12
253	1.3033871074444314e-11
254	8.204787001718505e-12
255	8.201641297535256e-12
256	8.204806842618262e-12
257	8.200422871133817e-12
258	8.20480846892152e-12
259	8.204355814514508e-12
260	8.203530519820812e-12
261	8.202726909170566e-12
262	8.203375478910147e-12
263	8.20349907795781e-12
264	8.20266055599761e-12
265	8.203729687759898e-12
266	8.202936485450507e-12
267	8.203172841524109e-12
268	8.202912090901626e-12
269	8.202996441830646e-12
270	8.203346422291924e-12
271	8.20407121144423e-12
272	8.203296223731338e-12
273	8.202967818893292e-12
274	8.203080250658579e-12
275	8.20327605757093e-12
276	1.3245579329537738e-11
277	8.424918098229317e-12
278	8.422926201998027e-12
279	8.422557681679599e-12
280	8.423718753786114e-12
281	8.424143869457945e-12
282	8.422106978836497e-12
283	8.423456376860372e-12
284	8.423245716378258e-12
285	8.421832133585772e-12
286	8.423747810404336e-12
287	8.423404335156093e-12
288	8.4225237461516e-12
289	8.42239884606133e-12
290	8.424721315535011e-12
291	8.422893892773287e-12
292	8.422755331735643e-12
293	8.422959053323853e-12
294	8.422636503177539e-12
295	8.423536499400919e-12
296	8.423071593509357e-12
297	8.423183591593775e-12
298	8.422596170856722e-12
299	8.423245174277172e-12
300	1.3353200923466035e-11
301	8.539206126055576e-12
302	8.541757362187652e-12
303	8.537276788289638e-12
304	8.541338209627769e-12
305	8.539023221149078e-12
306	8.54043973128743e-12
307	8.539126220355464e-12
308	8.539894160754236e-12
309	8.539564780134234e-12
310	8.541356207383832e-12
311	8.539599474603754e-12
312	8.538703706768846e-12
313	8.540164452355836e-12
314	8.540481581491288e-12
315	8.539490837546071e-12
316	8.539984041114335e-12
317	8.540255525338325e-12
318	8.539736192497704e-12
319	8.539781837409166e-12
320	8.540018301902985e-12
321	8.539725567316414e-12
322	8.53970171486862e-12
323	8.540218011943157e-12
324	8.539768501722445e-12
325	1.3359401909371349e-11
326	8.55590771842163e-12
327	8.55652321999495e-12
328	8.555662905571082e-12
329	8.556212487652315e-12
330	8.555428067380522e-12
331	8.55573901656359e-12
332	8.55536117210648e-12
333	8.557060333751199e-12
334	8.555116142415498e-12
335	8.556175299517799e-12
336	8.556633808616543e-12
337	8.555655858256961e-12
338	8.555209925903418e-12
339	8.555949243364835e-12
340	8.55603023326712e-12
341	8.555781625708969e-12
342	8.555715923057317e-12
343	8.555604033393116e-12
344	8.5565543365973e-12
345	8.555993478813473e-12
346	8.555069846982732e-12
347	8.556022427011478e-12
348	8.556241761110972e-12
349	8.555570423125769e-12
350	8.555983504153486e-12
351	1.3267283972828725e-11
352	8.473192199959234e-12
353	8.474264801168474e-12
354	8.473422267660236e-12
355	8.474414963169363e-12
356	8.473914820707196e-12
357	8.47426458432804e-12
358	8.473598016832395e-12
359	8.47519884134007e-12
360	8.47387329576399e-12
361	8.473043447421169e-12
362	8.47468937473922e-12
363	8.474488905757527e-12
364	8.473106656407825e-12
365	8.473740589418077e-12
366	8.47458333976675e-12
367	8.474318686016447e-12
368	8.472725884604848e-12
369	8.474397399094169e-12
370	8.474557644175262e-12
371	8.473558118192448e-12
372	8.473463358922573e-12
373	8.474039612377249e-12
374	8.473947672033022e-12
375	8.473935854229342e-12
376	8.474182293383148e-12
377	8.473446445368682e-12
378	1.3081789341021222e-11
379	8.300059532902193e-12
380	8.298190802037697e-12
381	8.297924088303266e-12
382	8.300080783264774e-12
383	8.29781436704341e-12
384	8.299474280569485e-12
385	8.298626542890819e-12
386	8.298724446346994e-12
387	8.298735830469806e-12
388	8.297287878468451e-12
389	8.299943848530389e-12
390	8.298507172231628e-12
391	8.298879161997008e-12
392	8.297826726948176e-12
393	8.29946940165971e-12
394	8.298561273920035e-12
395	8.298509232215756e-12
396	8.297875299205504e-12
397	8.298839480197495e-12
398	8.29855910551569e-12
399	8.299010350459879e-12
400	8.297878009710935e-12
401	8.299349380479215e-12
402	8.29792669038848e-12
403	8.298865175788983e-12
404	8.298452853702787e-12
405	8.298678476174881e-12
406	1.2808530711755362e-11
407	8.034660176764463e-12
408	8.034259997742599e-12
409	8.037213039199798e-12
410	8.034120786183652e-12
411	8.035003652012707e-12
412	8.035920778630412e-12
413	8.035583049653683e-12
414	8.034827035478809e-12
415	8.035928584886054e-12
416	8.035899745108266e-12
417	8.034348577060091e-12
418	8.036056846003059e-12
419	8.034669175642495e-12
420	8.036690236912225e-12
421	8.034943695632568e-12
422	8.03587871158612e-12
423	8.034736179336754e-12
424	8.0357289832661e-12
425	8.035066644158928e-12
426	8.035899853528483e-12
427	8.035517238581813e-12
428	8.035269606805617e-12
429	8.03566273851336e-12
430	8.035228949224149e-12
431	8.03553827210396e-12
432	8.035464112675361e-12
433	8.035357860862458e-12
434	8.035744487357166e-12
435	1.2454873720910142e-11
436	7.690329818267616e-12
437	7.691610261033321e-12
438	7.691101661794209e-12
439	7.692511558299309e-12
440	7.690343912895858e-12
441	7.691568844510333e-12
442	7.692141845358491e-12
443	7.690393460935141e-12
444	7.692240724596622e-12
445	7.692067360669241e-12
446	7.690300002707873e-12
447	7.691386264864486e-12
448	7.692534543385365e-12
449	7.692086551047694e-12
450	7.690439647947689e-12
451	7.691628800890471e-12
452	7.69182113835587e-12
453	7.691250305912056e-12
454	7.691837184548023e-12
455	7.691012648795847e-12
456	7.691967071968286e-12
457	7.691305058121767e-12
458	7.69132620006413e-12
459	7.691715970745139e-12
460	7.691182326435841e-12
461	7.691520380673222e-12
462	7.691848460250617e-12
463	7.691273074157678e-12
464	7.691542281557107e-12
465	1.2027456504706824e-11
466	7.274514649512065e-12
467	7.272215815645744e-12
468	7.2711098210095915e-12
469	7.276681427553777e-12
470	7.2703526142123276e-12
471	7.2736259289912786e-12
472	7.274214542350721e-12
473	7.273909556279601e-12
474	7.273100307778058e-12
475	7.272178735931445e-12
476	7.273376237230955e-12
477	7.27331497980821e-12
478	7.273806123392346e-12
479	7.273223906825721e-12
480	7.273125894949328e-12
481	7.274033155327264e-12
482	7.272334102102762e-12
483	7.272895935668544e-12
484	7.27448884550036e-12
485	7.273209486936827e-12
486	7.272706308708576e-12
487	7.273883643847678e-12
488	7.2728808652583465e-12
489	7.273276165370435e-12
490	7.2732520960822056e-12
491	7.273806665493432e-12
492	7.272913391323521e-12
493	7.273313678765603e-12
494	7.273384802428118e-12
495	7.272979310815608e-12
496	1.1533811015637663e-11
497	6.788516255205879e-12
498	6.788466598746379e-12
499	6.7881597695315654e-12
500	6.788870030374761e-12
501	6.7885829336394865e-12
502	6.788806821388105e-12
503	6.787640545111162e-12
504	6.789636669730925e-12
505	6.787475637960727e-12
506	6.787955831102921e-12
507	6.789060741536901e-12
508	6.788794678323773e-12
509	6.787304550857909e-12
510	6.78852210989761e-12
511	6.788190994554133e-12
512	6.788857995730646e-12
513	6.788056661904962e-12
514	6.78834874597023e-12
515	6.788327495607649e-12
516	6.787922437676008e-12
517	6.7880036444187275e-12
518	6.788677692909362e-12
519	6.7883264114054764e-12
520	6.78854574550497e-12
521	6.788055360862355e-12
522	6.788046036723672e-12
523	6.788516905727182e-12
524	6.788251059354489e-12
525	6.788046578824758e-12
526	6.7883783446895385e-12
527	6.788297788468123e-12
528	1.098053397340093e-11
529	6.242747313013608e-12
530	6.242636832812232e-12
531	6.24416935258304e-12
532	6.243281824684643e-12
533	6.243063466367105e-12
534	6.242880236199955e-12
535	6.2432675132159665e-12
536	6.242941710463135e-12
537	6.2431972569151895e-12
538	6.242853890087163e-12
539	6.243879653762552e-12
540	6.241820536996567e-12
541	6.244499492144562e-12
542	6.2414606902955194e-12
543	6.2440858690157586e-12
544	6.2428055346702704e-12
545	6.2436666080356584e-12
546	6.242798921037018e-12
547	6.243705097212782e-12
548	6.242847168033694e-12
549	6.243536070094091e-12
550	6.2423885505147325e-12
551	6.243267187955315e-12
552	6.243179475999561e-12
553	6.242996245832411e-12
554	6.243015869891733e-12
555	6.242872104683661e-12
556	6.243389811221023e-12
557	6.242824833468941e-12
558	6.2430978355759725e-12
559	6.243048829637776e-12
560	6.2430646589894945e-12
561	1.0374282162495252e-11
562	5.643771366047046e-12
563	5.6427614317233754e-12
564	5.643311447485477e-12
565	5.644886901662316e-12
566	5.6450218848327904e-12
567	5.644824017936312e-12
568	5.643012424526306e-12
569	5.643781015446381e-12
570	5.6449573748035276e-12
571	5.643420301383595e-12
572	5.645024703758439e-12
573	5.6438585359017135e-12
574	5.6438436823319504e-12
575	5.644221526789062e-12
576	5.644731969171868e-12
577	5.643495219753714e-12
578	5.64330700225657e-12
579	5.6454262922431275e-12
580	5.6436478754195996e-12
581	5.644252209710543e-12
582	5.644012601030424e-12
583	5.644160052525882e-12
584	5.643844332853254e-12
585	5.6440016505884816e-12
586	5.645029582668215e-12
587	5.64360255576879e-12
588	5.644311190308726e-12
589	5.644001108487395e-12
590	5.643704796033655e-12
591	5.6443187797239336e-12
592	5.64435596785845e-12
593	5.644068871123176e-12
594	5.644371905630385e-12
595	9.722648250734545e-12
596	4.997016906163609e-12
597	5.001105866236921e-12
598	4.998564062663746e-12
599	5.00023742029676e-12
600	4.997739201650919e-12
601	4.9995666244126435e-12
602	4.998607430750646e-12
603	4.9988250301266635e-12
604	4.998506274687953e-12
605	5.000335432173153e-12
606	4.998248451411336e-12
607	4.998232622059617e-12
608	5.0002034847687615e-12
609	4.999521521602268e-12
610	4.998682240700547e-12
611	4.999483791366666e-12
612	5.000070236321763e-12
613	4.998832402701436e-12
614	4.998046572966819e-12
615	4.999348591355757e-12
616	4.999087081791753e-12
617	4.999615955611492e-12
618	4.998631608459092e-12
619	4.999323871546224e-12
620	4.9990339558853014e-12
621	4.999196911471826e-12
622	4.999069517716559e-12
623	4.999119174176059e-12
624	4.998968903754952e-12
625	4.999450723200405e-12
626	4.998699696355524e-12
627	4.999431966502821e-12
628	4.998918922034801e-12
629	4.999144652927112e-12
630	9.031250140095759e-12
631	4.3124972993677235e-12
632	4.3121932890785586e-12
633	4.315422151568438e-12
634	4.312158919869691e-12
635	4.314624395609923e-12
636	4.313519810436595e-12
637	4.311724154798524e-12
638	4.3145387436382965e-12
639	4.313407270251091e-12
640	4.313210595977002e-12
641	4.3144458275121145e-12
642	4.3135416029002616e-12
643	4.312557255747862e-12
644	4.3142521890041086e-12
645	4.314241780663253e-12
646	4.312288698869737e-12
647	4.313472972902743e-12
648	4.3148392844805095e-12
649	4.312587938669343e-12
650	4.3137453244884716e-12
651	4.3131384965325315e-12
652	4.314314422208809e-12
653	4.3134098723363046e-12
654	4.313954033406675e-12
655	4.313126461888417e-12
656	4.313666394570315e-12
657	4.3138839939463325e-12
658	4.3134347005660545e-12
659	4.31335371066377e-12
660	4.313899931718268e-12
661	4.313551685980466e-12
662	4.313243013621959e-12
663	4.3138456131894265e-12
664	4.313399463995449e-12
665	4.313513413643777e-12
666	8.306604752997271e-12
667	3.594273208055998e-12
668	3.5939916407518036e-12
669	3.5936671390415786e-12
670	3.595127776208351e-12
671	3.592175385272456e-12
672	3.5961036665838053e-12
673	3.592205526092851e-12
674	3.595160844374612e-12
675	3.5940483445254245e-12
676	3.593010437785704e-12
677	3.5941124208738184e-12
678	3.594610394931641e-12
679	3.593365080316324e-12
680	3.5949775057872446e-12
681	3.593069635224322e-12
682	3.5944322605147017e-12
683	3.594381303012595e-12
684	3.5938751974384786e-12
685	3.5934366376597082e-12
686	3.594942377636856e-12
687	3.5938516702513357e-12
688	3.5942761354018637e-12
689	3.5932634905727623e-12
690	3.594285025859678e-12
691	3.5942407904110407e-12
692	3.5938240230959373e-12
693	3.594425863721884e-12
694	3.5939029530140942e-12
695	3.593843972415911e-12
696	3.594249138767769e-12
697	3.594067751744312e-12
698	3.593798978025753e-12
699	3.5940903031494997e-12
700	3.594037285663265e-12
701	3.593664753796799e-12
702	3.5942877363651093e-12
703	7.553497757828431e-12
704	2.845573061037443e-12
705	2.8448843758174802e-12
706	2.844637394562588e-12
707	2.84646254049975e-12
708	2.8444107963085385e-12
709	2.8456527498971207e-12
710	2.845877071326608e-12
711	2.844161971909953e-12
712	2.8456827822972985e-12
713	2.845377579385744e-12
714	2.8451680031058024e-12
715	2.845505840502749e-12
716	2.843994028993435e-12
717	2.8466699483753466e-12
718	2.8450712922720167e-12
719	2.844581558150705e-12
720	2.8463745032833443e-12
721	2.8446964835809885e-12
722	2.8451658347014575e-12
723	2.844750368428961e-12
724	2.845438619968055e-12
725	2.8453398491501414e-12
726	2.8455716515746188e-12
727	2.845111949853485e-12
728	2.845297456845197e-12
729	2.8454822048953887e-12
730	2.845528066647285e-12
731	2.8447729198341487e-12
732	2.8454114064935254e-12
733	2.8454366684041443e-12
734	2.8448896884081254e-12
735	2.8455917093148098e-12
736	2.845373676257923e-12
737	2.8452486677474353e-12
738	2.8450887479269937e-12
739	2.8456238016991153e-12
740	2.8452675328652366e-12
741	6.777992013137779e-12
742	2.0728855914739497e-12
743	2.074346553901374e-12
744	2.0737443880147755e-12
745	2.0733434500513903e-12
746	2.0744275438036586e-12
747	2.0725901463819474e-12
748	2.07347940900382e-12
749	2.0738743838552565e-12
750	2.072969075041231e-12
751	2.0743506738696293e-12
752	2.0737807087875537e-12
753	2.0726748225716185e-12
754	2.0736803116663816e-12
755	2.074363575875482e-12
756	2.072243201686752e-12
757	2.074916735823884e-12
758	2.0728505717437784e-12
759	2.073693647353103e-12
760	2.073267447479099e-12
761	2.0735682051617466e-12
762	2.0734363661775723e-12
763	2.0737181503222013e-12
764	2.073616885839291e-12
765	2.0735905397264998e-12
766	2.0733527741900737e-12
767	2.072993035909243e-12
768	2.073902464691524e-12
769	2.0733500636846425e-12
770	2.0734843963338134e-12
771	2.073562242049798e-12
772	2.0732095510830884e-12
773	2.0736982010022276e-12
774	2.0735139950531223e-12
775	2.073209008982002e-12
776	2.0733728319302647e-12
777	2.073470301705571e-12
778	2.0735455453363416e-12
779	2.0735438106128656e-12
780	5.98382563117561e-12
781	1.2818850798554382e-12
782	1.282323856474643e-12
783	1.2834942527198412e-12
784	1.2810155497131048e-12
785	1.2820139914937467e-12
786	1.282326024878988e-12
787	1.2831767983237374e-12
788	1.2814056456547651e-12
789	1.2831790751482997e-12
790	1.2828880752852045e-12
791	1.2820139914937467e-12
792	1.2825507799893443e-12
793	1.2820471680802248e-12
794	1.28159971784364e-12
795	1.2825640072558486e-12
796	1.2819590224436017e-12
797	1.2830952663203665e-12
798	1.2817606134460369e-12
799	1.2829821840337763e-12
800	1.2820177862013504e-12
801	1.2824875710026884e-12
802	1.2820824046508306e-12
803	1.2821675145213707e-12
804	1.2826392508866191e-12
805	1.2823416373902718e-12
806	1.2820509627878285e-12
807	1.2826472739826955e-12
808	1.282154612515518e-12
809	1.2825822218523464e-12
810	1.2822802715473092e-12
811	1.2822901377870788e-12
812	1.2823221217511671e-12
813	1.2826163742207797e-12
814	1.2821094012849255e-12
815	1.2822465528597449e-12
816	1.2825116402909176e-12
817	1.2823871738815162e-12
818	1.2822813557494817e-12
819	1.282363971955025e-12
820	5.176350017024878e-12
821	4.772816256798373e-13
822	4.771180195720093e-13
823	4.768757003864588e-13
824	4.775464962705755e-13
825	4.774246319463882e-13
826	4.771624718610812e-13
827	4.774230056431294e-13
828	4.77197708431687e-13
829	4.768776519503692e-13
830	4.776670595521559e-13
831	4.776570848921691e-13
832	4.779459163509192e-13
833	4.765529333997098e-13
834	4.768955412862153e-13
835	4.778731663851454e-13
836	4.774778662730572e-13
837	4.768379701508563e-13
838	4.77759541997469e-13
839	4.765864352468396e-13
840	4.770989376137735e-13
841	4.77869913778628e-13
842	4.777061992505827e-13
843	4.768955412862153e-13
844	4.775321848018987e-13
845	4.77209959916236e-13
846	4.772034547032011e-13
847	4.773935153440378e-13
848	4.772882393130895e-13
849	4.770155624667094e-13
850	4.77550616238831e-13
851	4.771150922261436e-13
852	4.773444009856243e-13
853	4.772863961693963e-13
854	4.774420876013652e-13
855	4.771264763489547e-13
856	4.775016103006346e-13
857	4.772650373865983e-13
858	4.770590389738261e-13
859	4.775240532856051e-13
860	4.771603034567362e-13
861	4.358830787629109e-12
862	3.380634530994464e-13
863	3.3886663006882367e-13
864	3.373959098218471e-13
865	3.394839747858369e-13
866	3.3861531200524153e-13
867	3.3817924589146786e-13
868	3.3825156217637264e-13
869	3.3809597916462097e-13
870	3.3876048667613734e-13
871	3.3837017389404256e-13
872	3.387333816218252e-13
873	3.3795590024393585e-13
874	3.384939897821404e-13
875	3.3876948555416897e-13
876	3.3811224219720826e-13
877	3.3862669612805263e-13
878	3.386710399969073e-13
879	3.3765958779019556e-13
880	3.389265864489621e-13
881	3.3863027399522183e-13
882	3.380839445205064e-13
883	3.3846970365347673e-13
884	3.384095304329038e-13
885	3.3835651294666924e-13
886	3.384573437487104e-13
887	3.3845810269023113e-13
888	3.382748725230811e-13
889	3.3842557662505657e-13
890	3.382215297761948e-13
891	3.385982900311335e-13
892	3.3831325327998707e-13
893	3.3850613284647224e-13
894	3.3844162281720935e-13
895	3.382057004244765e-13
896	3.3859948265352324e-13
897	3.3847469098347016e-13
898	3.3834914037189634e-13
899	3.3835412770188977e-13
900	3.383539108614553e-13
901	3.384712215365182e-13
902	3.383403583342992e-13
903	3.5349379673421666e-12
904	1.1621179279303062e-12
905	1.1608776006449828e-12
906	1.1611979823869523e-12
907	1.1605288128060942e-12
908	1.1611274008255235e-12
909	1.1613975840069068e-12
910	1.1613597453510871e-12
911	1.16076777096491e-12
912	1.1606173921235863e-12
913	1.1611933203176106e-12
914	1.1621528392402602e-12
915	1.1600421144508655e-12
916	1.1609841777185381e-12
917	1.161123714538137e-12
918	1.1611602521513498e-12
919	1.1611458322624557e-12
920	1.160840629350901e-12
921	1.1611933203176106e-12
922	1.1605986354260023e-12
923	1.161258480868177e-12
924	1.161099319989256e-12
925	1.1608699028095582e-12
926	1.161374924181502e-12
927	1.1605630735947448e-12
928	1.1609394001688145e-12
929	1.161006837543943e-12
930	1.161201343413687e-12
931	1.160567952504521e-12
932	1.1614929937980856e-12
933	1.1610994284094733e-12
934	1.1609830935163656e-12
935	1.1609311602323036e-12
936	1.161100621031863e-12
937	1.1610729738764647e-12
938	1.1610422909549833e-12
939	1.161221834834747e-12
940	1.1608094043283335e-12
941	1.1611229555966163e-12
942	1.1610445677795456e-12
943	1.161126316623351e-12
944	1.1610144269591505e-12
945	1.160948832727715e-12
946	2.707973168619704e-12
947	1.9879843214318238e-12
948	1.986658775855743e-12
949	1.9880482893600004e-12
950	1.987418259477569e-12
951	1.9869769891933675e-12
952	1.9872592070188655e-12
953	1.9870146110087528e-12
954	1.98780477755206e-12
955	1.987482769506832e-12
956	1.9869455473303654e-12
957	1.98661042043885e-12
958	1.987519849221131e-12
959	1.987765854694068e-12
960	1.986928742196692e-12
961	1.9874676990966345e-12
962	1.9869364400321166e-12
963	1.9874974062361606e-12
964	1.987018188875922e-12
965	1.987366326193507e-12
966	1.9872322103847706e-12
967	1.9875584468184715e-12
968	1.9873867091943498e-12
969	1.987152087844224e-12
970	1.986615624609278e-12
971	1.9873699040606763e-12
972	1.9872970456746852e-12
973	1.987309188739017e-12
974	1.987258122816693e-12
975	1.987027838275257e-12
976	1.9877451464325735e-12
977	1.9871838549678777e-12
978	1.98727991528036e-12
979	1.98730788769641e-12
980	1.9871238985877393e-12
981	1.9871038408475483e-12
982	1.9874314867440734e-12
983	1.987292600445778e-12
984	1.9871308374816432e-12
985	1.9874438466488398e-12
986	1.98732957173986e-12
987	1.987115116550142e-12
988	1.9873940817691227e-12
989	1.9872588817582137e-12
990	1.880732115183692e-12
991	2.814821617978802e-12
992	2.813999250630972e-12
993	2.8147306534165306e-12
994	2.8138887704295956e-12
995	2.8134202866708646e-12
996	2.815020026976367e-12
997	2.8144572176286298e-12
998	2.8137688576693187e-12
999	2.8145875387297625e-12
1000	2.8140693985115317e-12
1001	2.8139091534304383e-12
1002	2.8145152224448577e-12
1003	2.814360506794844e-12
1004	2.8142764811264764e-12
1005	2.814210778474824e-12
1006	2.814304670382961e-12
1007	2.8143367627672666e-12
1008	2.8141163444656003e-12
1009	2.814277673748866e-12
1010	2.814434557803225e-12
1011	2.8143908644556737e-12
1012	2.81418649234616e-12
1013	2.8142787579510387e-12
1014	2.8138390055498785e-12
1015	2.814352158438116e-12
1016	2.814395309684581e-12
1017	2.813961737235804e-12
1018	2.8142660727856206e-12
1019	2.8143981286102293e-12
1020	2.8144754322251275e-12
1021	2.8141731566594386e-12
1022	2.814509693013778e-12
1023	2.8140461965850405e-12
1024	2.814227908869149e-12
1025	2.8142555560245475e-12
1026	2.814109188731262e-12
1027	2.814418511611072e-12
1028	2.8142969725475364e-12
1029	2.8141997196126645e-12
1030	2.814352158438116e-12
1031	2.8140492323511235e-12
1032	2.8143370880279184e-12
1033	2.814305971425568e-12
1034	2.814277673748866e-12
1035	1.0558294689932968e-12
1036	3.638852240361867e-12
1037	3.639829323359711e-12
1038	3.639161996922546e-12
1039	3.639257840394594e-12
1040	3.6395288909377155e-12
1041	3.639458743057156e-12
1042	3.6392531783252524e-12
1043	3.639614326068907e-12
1044	3.639027447432941e-12
1045	3.638857227691861e-12
1046	3.639664307789059e-12
1047	3.63959253360524e-12
1048	3.639001209740367e-12
1049	3.63969303914663e-12
1050	3.639594702009585e-12
1051	3.6389539385256464e-12
1052	3.639422530704595e-12
1053	3.639468934557577e-12
1054	3.638883465384435e-12
1055	3.6400719678059135e-12
1056	3.638871647580755e-12
1057	3.6396017493237065e-12
1058	3.638962178462157e-12
1059	3.639282126523258e-12
1060	3.639314652588432e-12
1061	3.639674824550132e-12
1062	3.6390102086183984e-12
1063	3.63956141700289e-12
1064	3.639360622760546e-12
1065	3.639424048587636e-12
1066	3.639134349767148e-12
1067	3.6394107129009146e-12
1068	3.639112557303481e-12
1069	3.6395070984740485e-12
1070	3.639371681622705e-12
1071	3.6391188456760815e-12
1072	3.639421446502422e-12
1073	3.639449418918472e-12
1074	3.639264887708715e-12
1075	3.639267815054581e-12
1076	3.639486715473206e-12
1077	3.639192896684462e-12
1078	3.639398786677017e-12
1079	3.639262610884153e-12
1080	3.639409953959394e-12
1081	2.3552102108859163e-13
1082	4.460373910497584e-12
1083	4.459889814227569e-12
1084	4.4604401552503226e-12
1085	4.4597339059551655e-12
1086	4.460765307481851e-12
1087	4.460289776408999e-12
1088	4.46002609844065e-12
1089	4.459929604447299e-12
1090	4.460301919473331e-12
1091	4.4601090399068455e-12
1092	4.460336180261981e-12
1093	4.460118689306181e-12
1094	4.46045403303813e-12
1095	4.45957333561342e-12
1096	4.460312544654621e-12
1097	4.460264622918597e-12
1098	4.459998993386338e-12
1099	4.4606887628084735e-12
1100	4.459895018397997e-12
1101	4.460060142388866e-12
1102	4.460083019054706e-12
1103	4.460344853879361e-12
1104	4.460231880012988e-12
1105	4.460507375785017e-12
1106	4.460086271661223e-12
1107	4.460288692206826e-12
1108	4.46021366541649e-12
1109	4.460297799505075e-12
1110	4.460114894598577e-12
1111	4.460360900071514e-12
1112	4.459859348146522e-12
1113	4.460499135848506e-12
1114	4.460078465405581e-12
1115	4.460258551386431e-12
1116	4.460162924754818e-12
1117	4.460329891889381e-12
1118	4.460246950423186e-12
1119	4.460329891889381e-12
1120	4.460207702304542e-12
1121	4.4601884035058714e-12
1122	4.4601976192243376e-12
1123	4.460163792116556e-12
1124	4.460200763410638e-12
1125	4.4601993539478135e-12
1126	4.460261478732297e-12
1127	4.460242288353844e-12
1128	5.782939231646633e-13
1129	5.275100777198116e-12
1130	5.275045157626668e-12
1131	5.2747929722013476e-12
1132	5.274743966263151e-12
1133	5.274984333884791e-12
1134	5.275401318040329e-12
1135	5.2749312079783395e-12
1136	5.274783864903099e-12
1137	5.275338109053673e-12
1138	5.274793297461999e-12
1139	5.274992899081954e-12
1140	5.275179273435404e-12
1141	5.274463916841998e-12
1142	5.275263082263337e-12
1143	5.2748980313918614e-12
1144	5.2750747563459766e-12
1145	5.274715018065146e-12
1146	5.275378658214924e-12
1147	5.274710572836239e-12
1148	5.275079201574884e-12
1149	5.2749600477561276e-12
1150	5.274892501960782e-12
1151	5.275015342066924e-12
1152	5.2747035255221175e-12
1153	5.2751660461689e-12
1154	5.2746699152547705e-12
1155	5.275028244072777e-12
1156	5.2750411460786295e-12
1157	5.274981514959143e-12
1158	5.274740930497068e-12
1159	5.275050144956661e-12
1160	5.274743857842934e-12
1161	5.275096874070295e-12
1162	5.275017293630835e-12
1163	5.274845447586496e-12
1164	5.274876997869715e-12
1165	5.2749721908204594e-12
1166	5.274988237012612e-12
1167	5.2748880567318746e-12
1168	5.274918522812921e-12
1169	5.2749609151178656e-12
1170	5.274974901325891e-12
1171	5.274982924421967e-12
1172	5.274987369650874e-12
1173	5.274892501960782e-12
1174	5.274963300362645e-12
1175	5.27498715281044e-12
1176	1.3837106373898456e-12
1177	6.081669889912433e-12
1178	6.081515282682637e-12
1179	6.081746543006028e-12
1180	6.081628148128793e-12
1181	6.081724425281709e-12
1182	6.081391358374322e-12
1183	6.081634761762045e-12
1184	6.0815199447519785e-12
1185	6.081795548944224e-12
1186	6.0817855742842375e-12
1187	6.081593019978404e-12
1188	6.0815332804387e-12
1189	6.081479070330076e-12
1190	6.0816926581580555e-12
1191	6.0817236663401886e-12
1192	6.081431473854704e-12
1193	6.081808776210729e-12
1194	6.081538050928259e-12
1195	6.081841193855686e-12
1196	6.081460530472926e-12
1197	6.081363169117837e-12
1198	6.081898764991045e-12
1199	6.081713908520636e-12
1200	6.081684092960893e-12
1201	6.0813733606182585e-12
1202	6.081850301153935e-12
1203	6.081413259258206e-12
1204	6.0818060657052975e-12
1205	6.081665553103743e-12
1206	6.081680189833072e-12
1207	6.081554097120412e-12
1208	6.081700139153046e-12
1209	6.081703391759563e-12
1210	6.081565372823006e-12
1211	6.081583045318417e-12
1212	6.081740471473862e-12
1213	6.081532413076962e-12
1214	6.081742639878207e-12
1215	6.081591393675145e-12
1216	6.081527425746969e-12
1217	6.0815928031379696e-12
1218	6.081764540762091e-12
1219	6.0814361359240454e-12
1220	6.081661107874836e-12
1221	6.081622618697713e-12
1222	6.081615137702723e-12
1223	6.0816887550302345e-12
1224	6.081573938020168e-12
1225	2.1792938547510188e-12
1226	6.878909334512295e-12
1227	6.878608576829648e-12
1228	6.878907708209037e-12
1229	6.8787519083568505e-12
1230	6.8784679558078765e-12
1231	6.878956714147233e-12
1232	6.878508613389345e-12
1233	6.878827694088707e-12
1234	6.878665280603269e-12
1235	6.878982734999373e-12
1236	6.878567268726876e-12
1237	6.8788378855891286e-12
1238	6.878586892786198e-12
1239	6.878673628959997e-12
1240	6.878801347975916e-12
1241	6.878627875628318e-12
1242	6.878804166901564e-12
1243	6.878888626250801e-12
1244	6.878521949076066e-12
1245	6.8788758326651656e-12
1246	6.8787148286425515e-12
1247	6.878828886711097e-12
1248	6.878665822704355e-12
1249	6.878806660566561e-12
1250	6.878689891992584e-12
1251	6.878817285747851e-12
1252	6.878852305478023e-12
1253	6.878637741868088e-12
1254	6.878827260407838e-12
1255	6.878665931124572e-12
1256	6.878889710452973e-12
1257	6.87865617330502e-12
1258	6.878757979889016e-12
1259	6.878790072273322e-12
1260	6.8788387529508666e-12
1261	6.878655739624151e-12
1262	6.8788225983384965e-12
1263	6.8786699426726106e-12
1264	6.878841571876515e-12
1265	6.878687615168022e-12
1266	6.8787449694629466e-12
1267	6.878868676930827e-12
1268	6.8787445357820776e-12
1269	6.878685013082808e-12
1270	6.878835934025218e-12
1271	6.878687181487153e-12
1272	6.878726429605797e-12
1273	6.87876296721901e-12
1274	6.8787279474888385e-12
1275	2.9637282211725235e-12
1276	7.66516461848249e-12
1277	7.664973690479915e-12
1278	7.665058149829151e-12
1279	7.664906253104786e-12
1280	7.664861258714628e-12
1281	7.665126562986235e-12
1282	7.664933574999533e-12
1283	7.66508774854846e-12
1284	7.665064004520883e-12
1285	7.664807048606004e-12
1286	7.664987243007071e-12
1287	7.665287675429067e-12
1288	7.6647473090663e-12
1289	7.664967618947749e-12
1290	7.664944091760606e-12
1291	7.665076472845866e-12
1292	7.66490646994522e-12
1293	7.66503494790266e-12
1294	7.665053704600244e-12
1295	7.664958836910152e-12
1296	7.664943332819085e-12
1297	7.664994724002061e-12
1298	7.664950163292772e-12
1299	7.665099457931923e-12
1300	7.664972606277742e-12
1301	7.664903976280224e-12
1302	7.664963173718842e-12
1303	7.665020419593549e-12
1304	7.66510509578322e-12
1305	7.664907770987828e-12
1306	7.664968269469052e-12
1307	7.664967618947749e-12
1308	7.665030827934405e-12
1309	7.665013047018776e-12
1310	7.664964149500797e-12
1311	7.665034514221791e-12
1312	7.66497585888426e-12
1313	7.664959053750586e-12
1314	7.665057932988717e-12
1315	7.664908421509131e-12
1316	7.66505543932372e-12
1317	7.664982255677077e-12
1318	7.664932707637795e-12
1319	7.664983014618598e-12
1320	7.664986917746419e-12
1321	7.665000361853358e-12
1322	7.665055114063068e-12
1323	7.66491557724347e-12
1324	7.66498095463447e-12
1325	7.66502193747659e-12
1326	3.735842147786772e-12
1327	8.439050781967883e-12
1328	8.439100330007165e-12
1329	8.439194764016389e-12
1330	8.439215255437449e-12
1331	8.439061840830042e-12
1332	8.439018906424012e-12
1333	8.439225230097436e-12
1334	8.438985404576882e-12
1335	8.439302208451682e-12
1336	8.439019448525098e-12
1337	8.439138277083202e-12
1338	8.438996463439041e-12
1339	8.439350672288792e-12
1340	8.439064334495039e-12
1341	8.439056311398963e-12
1342	8.43933343347425e-12
1343	8.438985946677968e-12
1344	8.439051540909404e-12
1345	8.439210593368107e-12
1346	8.439138277083202e-12
1347	8.439151287509272e-12
1348	8.439025520057264e-12
1349	8.439119954066487e-12
1350	8.439180886228581e-12
1351	8.439133831854295e-12
1352	8.439081464889364e-12
1353	8.439174272595329e-12
1354	8.439141638109937e-12
1355	8.439151287509272e-12
1356	8.439143589673848e-12
1357	8.439151612769924e-12
1358	8.43916006954687e-12
1359	8.439142180211023e-12
1360	8.439127868742347e-12
1361	8.43906628605895e-12
1362	8.439211894410714e-12
1363	8.439157901142524e-12
1364	8.439109870986283e-12
1365	8.439136542359726e-12
1366	8.43911670145997e-12
1367	8.43921362913419e-12
1368	8.439056311398963e-12
1369	8.439182295691405e-12
1370	8.439155949578614e-12
1371	8.439126350859305e-12
1372	8.439129603465823e-12
1373	8.439133831854295e-12
1374	8.439186740920313e-12
1375	8.43910726890107e-12
1376	8.439160720068173e-12
1377	8.439151612769924e-12
1378	4.494739866758857e-12
1379	9.200326373144663e-12
1380	9.200239311710212e-12
1381	9.20018423423985e-12
1382	9.200271512514735e-12
1383	9.200335480442912e-12
1384	9.200198870969178e-12
1385	9.200293955499705e-12
1386	9.200249828471285e-12
1387	9.200275090381904e-12
1388	9.200300243872306e-12
1389	9.200299376510568e-12
1390	9.200251021093675e-12
1391	9.200201906735261e-12
1392	9.200366813885696e-12
1393	9.200186727904847e-12
1394	9.20040053257326e-12
1395	9.20018304161746e-12
1396	9.20030794170773e-12
1397	9.20030360489904e-12
1398	9.200232155975874e-12
1399	9.200420156632583e-12
1400	9.200200497272437e-12
1401	9.200238010667605e-12
1402	9.200407146206513e-12
1403	9.200259586290838e-12
1404	9.200371150694386e-12
1405	9.200222398156321e-12
1406	9.20028864290906e-12
1407	9.20024017907195e-12
1408	9.200266742025176e-12
1409	9.200305122782082e-12
1410	9.200298075467961e-12
1411	9.200244407460423e-12
1412	9.200309351170555e-12
1413	9.200229662310877e-12
1414	9.200327891027704e-12
1415	9.200287233446236e-12
1416	9.200218820289152e-12
1417	9.200301002813827e-12
1418	9.200294389180574e-12
1419	9.200293304978402e-12
1420	9.20026619992409e-12
1421	9.20024375693912e-12
1422	9.20029222077623e-12
1423	9.200270645152997e-12
1424	9.200309351170555e-12
1425	9.200244407460423e-12
1426	9.200331035214004e-12
1427	9.200245816923247e-12
1428	9.200302737537303e-12
1429	9.200266742025176e-12
1430	9.200252972657585e-12
1431	5.239516069274752e-12
1432	9.94754007898474e-12
1433	9.947437188198571e-12
1434	9.947556667277979e-12
1435	9.947398373760796e-12
1436	9.947440549225306e-12
1437	9.947431116666405e-12
1438	9.94741084208578e-12
1439	9.947559703044062e-12
1440	9.947487061498506e-12
1441	9.947465485875273e-12
1442	9.947436971358137e-12
1443	9.947530321165188e-12
1444	9.94743252612923e-12
1445	9.947461799587887e-12
1446	9.947436320836833e-12
1447	9.947554715714069e-12
1448	9.947430032464233e-12
1449	9.947429490363147e-12
1450	9.94748847096133e-12
1451	9.947458004880283e-12
1452	9.947522840170198e-12
1453	9.947397614819276e-12
1454	9.94747621947678e-12
1455	9.947521430707373e-12
1456	9.947519153882811e-12
1457	9.947462124848538e-12
1458	9.947399241122534e-12
1459	9.9474644016731e-12
1460	9.947544198952996e-12
1461	9.947443584991389e-12
1462	9.947431550347274e-12
1463	9.947451608087465e-12
1464	9.947488254120895e-12
1465	9.947528044340626e-12
1466	9.947408565261218e-12
1467	9.947438380820961e-12
1468	9.947479363663081e-12
1469	9.947495409855234e-12
1470	9.947439898704002e-12
1471	9.947471557407439e-12
1472	9.94746049854528e-12
1473	9.94746602797636e-12
1474	9.947467654279618e-12
1475	9.947467437439184e-12
1476	9.947469605843529e-12
1477	9.947449331262903e-12
1478	9.947471557407439e-12
1479	9.947482616269598e-12
1480	9.947450523885293e-12
1481	9.947464184832666e-12
1482	9.947489880424154e-12
1483	9.947462124848538e-12
1484	9.947360643525194e-12
1485	5.969869130290073e-12
1486	1.0680594429712809e-11
1487	1.0680375637714401e-11
1488	1.0680375095613315e-11
1489	1.0680369024081149e-11
1490	1.068037173458658e-11
1491	1.0680402200667627e-11
1492	1.06803662051555e-11
1493	1.068038235976787e-11
1494	1.0680451640286692e-11
1495	1.0680364578852242e-11
1496	1.0680381817666784e-11
1497	1.068036230202768e-11
1498	1.0680383986071129e-11
1499	1.068038116714548e-11
1500	1.068037173458658e-11
1501	1.0680365120953328e-11
1502	1.0680362952548983e-11
1503	1.068036230202768e-11
1504	1.0680361759926593e-11
1505	1.0680368481980063e-11
1506	1.0680369566182235e-11
1507	1.0680385612374388e-11
1508	1.0680369240921583e-11
1509	1.0680378348219832e-11
1510	1.0680365337793762e-11
1511	1.0680477661138832e-11
1512	1.0680357097857252e-11
1513	1.0680378998741136e-11
1514	1.06804064290561e-11
1515	1.0680363494650069e-11
1516	1.0680381492406132e-11
1517	1.06803662051555e-11
1518	1.0680367614618325e-11
1519	1.068036230202768e-11
1520	1.0680365879894849e-11
1521	1.0680384528172215e-11
1522	1.0680371192485494e-11
1523	1.0680414452152176e-11
1524	1.0680378998741136e-11
1525	1.0680376179815487e-11
1526	1.0680429956243243e-11
1527	1.0680366747256587e-11
1528	1.068036978302267e-11
1529	1.0680380625044394e-11
1530	1.068042139104608e-11
1531	1.0680373469310056e-11
1532	1.0680386154475474e-11
1533	1.0680378998741136e-11
1534	1.0680368698820497e-11
1535	1.0680371192485494e-11
1536	1.0680375637714401e-11
1537	1.0680405019593275e-11
1538	1.068038040820396e-11
1539	1.0683667492350502e-11
1540	6.684267288975532e-12
1541	1.139747573663391e-11
1542	1.139747573663391e-11
1543	1.139747573663391e-11
1544	1.139747573663391e-11
1545	1.139747573663391e-11
1546	1.139747573663391e-11
1547	1.139747573663391e-11
1548	1.139747573663391e-11
1549	1.139747573663391e-11
1550	1.139747573663391e-11
1551	1.139747573663391e-11
1552	1.139747573663391e-11
1553	1.139747573663391e-11
1554	1.139747573663391e-11
1555	1.139747573663391e-11
1556	1.139747573663391e-11
1557	1.139747573663391e-11
1558	1.139747573663391e-11
1559	1.139747573663391e-11
1560	1.139747573663391e-11
1561	1.139747573663391e-11
1562	1.139747573663391e-11
1563	1.139747573663391e-11
1564	1.139747573663391e-11
1565	1.139747573663391e-11
1566	1.139747573663391e-11
1567	1.139747573663391e-11
1568	1.139747573663391e-11
1569	1.139747573663391e-11
1570	1.139747573663391e-11
1571	1.139747573663391e-11
1572	1.139747573663391e-11
1573	1.139747573663391e-11
1574	1.139747573663391e-11
1575	1.139747573663391e-11
1576	1.139747573663391e-11
1577	1.139747573663391e-11
1578	1.139747573663391e-11
1579	1.139747573663391e-11
1580	1.139747573663391e-11
1581	1.139747573663391e-11
1582	1.139747573663391e-11
1583	1.139747573663391e-11
1584	1.139747573663391e-11
1585	1.139747573663391e-11
1586	1.139747573663391e-11
1587	1.139747573663391e-11
1588	1.139747573663391e-11
1589	1.139747573663391e-11
1590	1.139747573663391e-11
1591	1.139747573663391e-11
1592	1.139747573663391e-11
1593	1.139747573663391e-11
1594	1.139747573663391e-11
1595	1.139747573663391e-11
