1540	0.0013914509934290394
1485	0.001390917941251128
1431	0.0013903579310618943
1378	0.0013897693053090765
1326	0.001389150279762253
1275	0.0013884989317002323
1225	0.0013878131867817256
1176	0.0013870908044271298
1128	0.0013863293615128363
1081	0.0013855262341492915
1035	0.0013846785772776249
990	0.0013837833017776191
946	0.001382837048729219
903	0.0013818361604104178
861	0.0013807766475431374
820	0.001379654152214022
780	0.0013784639057951894
741	0.0013772006810675184
703	0.0013758587376009766
666	0.0013744317592668813
630	0.001372912782538171
595	0.0013712941139657833
561	0.0013695672348901344
528	0.0013677226910395843
496	0.0013657499641629013
465	0.0013636373222117924
435	0.0013613716437981518
406	0.0013589382116508634
378	0.0013563204685268278
351	0.0013534997274063747
325	0.001350454825710994
300	0.0013471617105671227
276	0.0013435929385909793
253	0.001339717068991152
231	0.0013354979225638757
210	0.0013308936708033292
190	0.0013258557080234508
171	0.0013203272438642207
153	0.0013142415320318312
136	0.00130751962090662
120	0.001300067468662267
105	0.0012917722034783054
91	0.0012824972184089138
78	0.0012720756546617193
66	0.0012603016205361183
55	0.0012469181726743775
45	0.001231600576973723
36	0.001213932536441448
28	0.001193371681101789
21	0.001169198203435083
15	0.001140436188825351
10	0.0011057290660314149
6	0.0010631346079105364
3	0.0010097715544715952
1	0.0009411753928423556
1541	0.0006339786534917042
1542	0.0006339786534917042
1543	0.0006339786534917042
1544	0.0006339786534917042
1545	0.0006339786534917042
1546	0.0006339786534917042
1547	0.0006339786534917042
1548	0.0006339786534917042
1549	0.0006339786534917042
1550	0.0006339786534917042
1551	0.0006339786534917042
1552	0.0006339786534917042
1553	0.0006339786534917042
1554	0.0006339786534917042
1555	0.0006339786534917042
1556	0.0006339786534917042
1557	0.0006339786534917042
1558	0.0006339786534917042
1559	0.0006339786534917042
1560	0.0006339786534917042
1561	0.0006339786534917042
1562	0.0006339786534917042
1563	0.0006339786534917042
1564	0.0006339786534917042
1565	0.0006339786534917042
1566	0.0006339786534917042
1567	0.0006339786534917042
1568	0.0006339786534917042
1569	0.0006339786534917042
1570	0.0006339786534917042
1571	0.0006339786534917042
1572	0.0006339786534917042
1573	0.0006339786534917042
1574	0.0006339786534917042
1575	0.0006339786534917042
1576	0.0006339786534917042
1577	0.0006339786534917042
1578	0.0006339786534917042
1579	0.0006339786534917042
1580	0.0006339786534917042
1581	0.0006339786534917042
1582	0.0006339786534917042
1583	0.0006339786534917042
1584	0.0006339786534917042
1585	0.0006339786534917042
1586	0.0006339786534917042
1587	0.0006339786534917042
1588	0.0006339786534917042
1589	0.0006339786534917042
1590	0.0006339786534917042
1591	0.0006339786534917042
1592	0.0006339786534917042
1593	0.0006339786534917042
1594	0.0006339786534917042
1595	0.0006339786534917042
1486	0.0006334647975350145
1487	0.0006334647975350145
1488	0.0006334647975350145
1489	0.0006334647975350145
1490	0.0006334647975350145
1491	0.0006334647975350145
1492	0.0006334647975350145
1493	0.0006334647975350145
1494	0.0006334647975350145
1495	0.0006334647975350145
1496	0.0006334647975350145
1497	0.0006334647975350145
1498	0.0006334647975350145
1499	0.0006334647975350145
1500	0.0006334647975350145
1501	0.0006334647975350145
1502	0.0006334647975350145
1503	0.0006334647975350145
1504	0.0006334647975350145
1505	0.0006334647975350145
1506	0.0006334647975350145
1507	0.0006334647975350145
1508	0.0006334647975350145
1509	0.0006334647975350145
1510	0.0006334647975350145
1511	0.0006334647975350145
1512	0.0006334647975350145
1513	0.0006334647975350145
1514	0.0006334647975350145
1515	0.0006334647975350145
1516	0.0006334647975350145
1517	0.0006334647975350145
1518	0.0006334647975350145
1519	0.0006334647975350145
1520	0.0006334647975350145
1521	0.0006334647975350145
1522	0.0006334647975350145
1523	0.0006334647975350145
1524	0.0006334647975350145
1525	0.0006334647975350145
1526	0.0006334647975350145
1527	0.0006334647975350145
1528	0.0006334647975350145
1529	0.0006334647975350145
1530	0.0006334647975350145
1531	0.0006334647975350145
1532	0.0006334647975350145
1533	0.0006334647975350145
1534	0.0006334647975350145
1535	0.0006334647975350145
1536	0.0006334647975350145
1537	0.0006334647975350145
1538	0.0006334647975350145
1539	0.0006334647975350145
1432	0.0006329210914150197
1433	0.0006329210914150197
1434	0.0006329210914150197
1435	0.0006329210914150197
1436	0.0006329210914150197
1437	0.0006329210914150197
1438	0.0006329210914150197
1439	0.0006329210914150197
1440	0.0006329210914150197
1441	0.0006329210914150197
1442	0.0006329210914150197
1443	0.0006329210914150197
1444	0.0006329210914150197
1445	0.0006329210914150197
1446	0.0006329210914150197
1447	0.0006329210914150197
1448	0.0006329210914150197
1449	0.0006329210914150197
1450	0.0006329210914150197
1451	0.0006329210914150197
1452	0.0006329210914150197
1453	0.0006329210914150197
1454	0.0006329210914150197
1455	0.0006329210914150197
1456	0.0006329210914150197
1457	0.0006329210914150197
1458	0.0006329210914150197
1459	0.0006329210914150197
1460	0.0006329210914150197
1461	0.0006329210914150197
1462	0.0006329210914150197
1463	0.0006329210914150197
1464	0.0006329210914150197
1465	0.0006329210914150197
1466	0.0006329210914150197
1467	0.0006329210914150197
1468	0.0006329210914150197
1469	0.0006329210914150197
1470	0.0006329210914150197
1471	0.0006329210914150197
1472	0.0006329210914150197
1473	0.0006329210914150197
1474	0.0006329210914150197
1475	0.0006329210914150197
1476	0.0006329210914150197
1477	0.0006329210914150197
1478	0.0006329210914150197
1479	0.0006329210914150197
1480	0.0006329210914150197
1481	0.0006329210914150197
1482	0.0006329210914150197
1483	0.0006329210914150197
1484	0.0006329210914150197
1379	0.0006323456222202111
1380	0.0006323456222202111
1381	0.0006323456222202111
1382	0.0006323456222202111
1383	0.0006323456222202111
1384	0.0006323456222202111
1385	0.0006323456222202111
1386	0.0006323456222202111
1387	0.0006323456222202111
1388	0.0006323456222202111
1389	0.0006323456222202111
1390	0.0006323456222202111
1391	0.0006323456222202111
1392	0.0006323456222202111
1393	0.0006323456222202111
1394	0.0006323456222202111
1395	0.0006323456222202111
1396	0.0006323456222202111
1397	0.0006323456222202111
1398	0.0006323456222202111
1399	0.0006323456222202111
1400	0.0006323456222202111
1401	0.0006323456222202111
1402	0.0006323456222202111
1403	0.0006323456222202111
1404	0.0006323456222202111
1405	0.0006323456222202111
1406	0.0006323456222202111
1407	0.0006323456222202111
1408	0.0006323456222202111
1409	0.0006323456222202111
1410	0.0006323456222202111
1411	0.0006323456222202111
1412	0.0006323456222202111
1413	0.0006323456222202111
1414	0.0006323456222202111
1415	0.0006323456222202111
1416	0.0006323456222202111
1417	0.0006323456222202111
1418	0.0006323456222202111
1419	0.0006323456222202111
1420	0.0006323456222202111
1421	0.0006323456222202111
1422	0.0006323456222202111
1423	0.0006323456222202111
1424	0.0006323456222202111
1425	0.0006323456222202111
1426	0.0006323456222202111
1427	0.0006323456222202111
1428	0.0006323456222202111
1429	0.0006323456222202111
1430	0.0006323456222202111
1327	0.0006317363282147483
1328	0.0006317363282147483
1329	0.0006317363282147483
1330	0.0006317363282147483
1331	0.0006317363282147483
1332	0.0006317363282147483
1333	0.0006317363282147483
1334	0.0006317363282147483
1335	0.0006317363282147483
1336	0.0006317363282147483
1337	0.0006317363282147483
1338	0.0006317363282147483
1339	0.0006317363282147483
1340	0.0006317363282147483
1341	0.0006317363282147483
1342	0.0006317363282147483
1343	0.0006317363282147483
1344	0.0006317363282147483
1345	0.0006317363282147483
1346	0.0006317363282147483
1347	0.0006317363282147483
1348	0.0006317363282147483
1349	0.0006317363282147483
1350	0.0006317363282147483
1351	0.0006317363282147483
1352	0.0006317363282147483
1353	0.0006317363282147483
1354	0.0006317363282147483
1355	0.0006317363282147483
1356	0.0006317363282147483
1357	0.0006317363282147483
1358	0.0006317363282147483
1359	0.0006317363282147483
1360	0.0006317363282147483
1361	0.0006317363282147483
1362	0.0006317363282147483
1363	0.0006317363282147483
1364	0.0006317363282147483
1365	0.0006317363282147483
1366	0.0006317363282147483
1367	0.0006317363282147483
1368	0.0006317363282147483
1369	0.0006317363282147483
1370	0.0006317363282147483
1371	0.0006317363282147483
1372	0.0006317363282147483
1373	0.0006317363282147483
1374	0.0006317363282147483
1375	0.0006317363282147483
1376	0.0006317363282147483
1377	0.0006317363282147483
1276	0.0006310909848377121
1277	0.0006310909848377121
1278	0.0006310909848377121
1279	0.0006310909848377121
1280	0.0006310909848377121
1281	0.0006310909848377121
1282	0.0006310909848377121
1283	0.0006310909848377121
1284	0.0006310909848377121
1285	0.0006310909848377121
1286	0.0006310909848377121
1287	0.0006310909848377121
1288	0.0006310909848377121
1289	0.0006310909848377121
1290	0.0006310909848377121
1291	0.0006310909848377121
1292	0.0006310909848377121
1293	0.0006310909848377121
1294	0.0006310909848377121
1295	0.0006310909848377121
1296	0.0006310909848377121
1297	0.0006310909848377121
1298	0.0006310909848377121
1299	0.0006310909848377121
1300	0.0006310909848377121
1301	0.0006310909848377121
1302	0.0006310909848377121
1303	0.0006310909848377121
1304	0.0006310909848377121
1305	0.0006310909848377121
1306	0.0006310909848377121
1307	0.0006310909848377121
1308	0.0006310909848377121
1309	0.0006310909848377121
1310	0.0006310909848377121
1311	0.0006310909848377121
1312	0.0006310909848377121
1313	0.0006310909848377121
1314	0.0006310909848377121
1315	0.0006310909848377121
1316	0.0006310909848377121
1317	0.0006310909848377121
1318	0.0006310909848377121
1319	0.0006310909848377121
1320	0.0006310909848377121
1321	0.0006310909848377121
1322	0.0006310909848377121
1323	0.0006310909848377121
1324	0.0006310909848377121
1325	0.0006310909848377121
1226	0.0006304071891345237
1227	0.0006304071891345237
1228	0.0006304071891345237
1229	0.0006304071891345237
1230	0.0006304071891345237
1231	0.0006304071891345237
1232	0.0006304071891345237
1233	0.0006304071891345237
1234	0.0006304071891345237
1235	0.0006304071891345237
1236	0.0006304071891345237
1237	0.0006304071891345237
1238	0.0006304071891345237
1239	0.0006304071891345237
1240	0.0006304071891345237
1241	0.0006304071891345237
1242	0.0006304071891345237
1243	0.0006304071891345237
1244	0.0006304071891345237
1245	0.0006304071891345237
1246	0.0006304071891345237
1247	0.0006304071891345237
1248	0.0006304071891345237
1249	0.0006304071891345237
1250	0.0006304071891345237
1251	0.0006304071891345237
1252	0.0006304071891345237
1253	0.0006304071891345237
1254	0.0006304071891345237
1255	0.0006304071891345237
1256	0.0006304071891345237
1257	0.0006304071891345237
1258	0.0006304071891345237
1259	0.0006304071891345237
1260	0.0006304071891345237
1261	0.0006304071891345237
1262	0.0006304071891345237
1263	0.0006304071891345237
1264	0.0006304071891345237
1265	0.0006304071891345237
1266	0.0006304071891345237
1267	0.0006304071891345237
1268	0.0006304071891345237
1269	0.0006304071891345237
1270	0.0006304071891345237
1271	0.0006304071891345237
1272	0.0006304071891345237
1273	0.0006304071891345237
1274	0.0006304071891345237
1177	0.0006296823424148232
1178	0.0006296823424148232
1179	0.0006296823424148232
1180	0.0006296823424148232
1181	0.0006296823424148232
1182	0.0006296823424148232
1183	0.0006296823424148232
1184	0.0006296823424148232
1185	0.0006296823424148232
1186	0.0006296823424148232
1187	0.0006296823424148232
1188	0.0006296823424148232
1189	0.0006296823424148232
1190	0.0006296823424148232
1191	0.0006296823424148232
1192	0.0006296823424148232
1193	0.0006296823424148232
1194	0.0006296823424148232
1195	0.0006296823424148232
1196	0.0006296823424148232
1197	0.0006296823424148232
1198	0.0006296823424148232
1199	0.0006296823424148232
1200	0.0006296823424148232
1201	0.0006296823424148232
1202	0.0006296823424148232
1203	0.0006296823424148232
1204	0.0006296823424148232
1205	0.0006296823424148232
1206	0.0006296823424148232
1207	0.0006296823424148232
1208	0.0006296823424148232
1209	0.0006296823424148232
1210	0.0006296823424148232
1211	0.0006296823424148232
1212	0.0006296823424148232
1213	0.0006296823424148232
1214	0.0006296823424148232
1215	0.0006296823424148232
1216	0.0006296823424148232
1217	0.0006296823424148232
1218	0.0006296823424148232
1219	0.0006296823424148232
1220	0.0006296823424148232
1221	0.0006296823424148232
1222	0.0006296823424148232
1223	0.0006296823424148232
1224	0.0006296823424148232
1129	0.000628913630899955
1130	0.000628913630899955
1131	0.000628913630899955
1132	0.000628913630899955
1133	0.000628913630899955
1134	0.000628913630899955
1135	0.000628913630899955
1136	0.000628913630899955
1137	0.000628913630899955
1138	0.000628913630899955
1139	0.000628913630899955
1140	0.000628913630899955
1141	0.000628913630899955
1142	0.000628913630899955
1143	0.000628913630899955
1144	0.000628913630899955
1145	0.000628913630899955
1146	0.000628913630899955
1147	0.000628913630899955
1148	0.000628913630899955
1149	0.000628913630899955
1150	0.000628913630899955
1151	0.000628913630899955
1152	0.000628913630899955
1153	0.000628913630899955
1154	0.000628913630899955
1155	0.000628913630899955
1156	0.000628913630899955
1157	0.000628913630899955
1158	0.000628913630899955
1159	0.000628913630899955
1160	0.000628913630899955
1161	0.000628913630899955
1162	0.000628913630899955
1163	0.000628913630899955
1164	0.000628913630899955
1165	0.000628913630899955
1166	0.000628913630899955
1167	0.000628913630899955
1168	0.000628913630899955
1169	0.000628913630899955
1170	0.000628913630899955
1171	0.000628913630899955
1172	0.000628913630899955
1173	0.000628913630899955
1174	0.000628913630899955
1175	0.000628913630899955
1082	0.000628098004086565
1083	0.000628098004086565
1084	0.000628098004086565
1085	0.000628098004086565
1086	0.000628098004086565
1087	0.000628098004086565
1088	0.000628098004086565
1089	0.000628098004086565
1090	0.000628098004086565
1091	0.000628098004086565
1092	0.000628098004086565
1093	0.000628098004086565
1094	0.000628098004086565
1095	0.000628098004086565
1096	0.000628098004086565
1097	0.000628098004086565
1098	0.000628098004086565
1099	0.000628098004086565
1100	0.000628098004086565
1101	0.000628098004086565
1102	0.000628098004086565
1103	0.000628098004086565
1104	0.000628098004086565
1105	0.000628098004086565
1106	0.000628098004086565
1107	0.000628098004086565
1108	0.000628098004086565
1109	0.000628098004086565
1110	0.000628098004086565
1111	0.000628098004086565
1112	0.000628098004086565
1113	0.000628098004086565
1114	0.000628098004086565
1115	0.000628098004086565
1116	0.000628098004086565
1117	0.000628098004086565
1118	0.000628098004086565
1119	0.000628098004086565
1120	0.000628098004086565
1121	0.000628098004086565
1122	0.000628098004086565
1123	0.000628098004086565
1124	0.000628098004086565
1125	0.000628098004086565
1126	0.000628098004086565
1127	0.000628098004086565
1036	0.0006272321505098676
1037	0.0006272321505098676
1038	0.0006272321505098676
1039	0.0006272321505098676
1040	0.0006272321505098676
1041	0.0006272321505098676
1042	0.0006272321505098676
1043	0.0006272321505098676
1044	0.0006272321505098676
1045	0.0006272321505098676
1046	0.0006272321505098676
1047	0.0006272321505098676
1048	0.0006272321505098676
1049	0.0006272321505098676
1050	0.0006272321505098676
1051	0.0006272321505098676
1052	0.0006272321505098676
1053	0.0006272321505098676
1054	0.0006272321505098676
1055	0.0006272321505098676
1056	0.0006272321505098676
1057	0.0006272321505098676
1058	0.0006272321505098676
1059	0.0006272321505098676
1060	0.0006272321505098676
1061	0.0006272321505098676
1062	0.0006272321505098676
1063	0.0006272321505098676
1064	0.0006272321505098676
1065	0.0006272321505098676
1066	0.0006272321505098676
1067	0.0006272321505098676
1068	0.0006272321505098676
1069	0.0006272321505098676
1070	0.0006272321505098676
1071	0.0006272321505098676
1072	0.0006272321505098676
1073	0.0006272321505098676
1074	0.0006272321505098676
1075	0.0006272321505098676
1076	0.0006272321505098676
1077	0.0006272321505098676
1078	0.0006272321505098676
1079	0.0006272321505098676
1080	0.0006272321505098676
991	0.0006263124705393212
992	0.0006263124705393212
993	0.0006263124705393212
994	0.0006263124705393212
995	0.0006263124705393212
996	0.0006263124705393212
997	0.0006263124705393212
998	0.0006263124705393212
999	0.0006263124705393212
1000	0.0006263124705393212
1001	0.0006263124705393212
1002	0.0006263124705393212
1003	0.0006263124705393212
1004	0.0006263124705393212
1005	0.0006263124705393212
1006	0.0006263124705393212
1007	0.0006263124705393212
1008	0.0006263124705393212
1009	0.0006263124705393212
1010	0.0006263124705393212
1011	0.0006263124705393212
1012	0.0006263124705393212
1013	0.0006263124705393212
1014	0.0006263124705393212
1015	0.0006263124705393212
1016	0.0006263124705393212
1017	0.0006263124705393212
1018	0.0006263124705393212
1019	0.0006263124705393212
1020	0.0006263124705393212
1021	0.0006263124705393212
1022	0.0006263124705393212
1023	0.0006263124705393212
1024	0.0006263124705393212
1025	0.0006263124705393212
1026	0.0006263124705393212
1027	0.0006263124705393212
1028	0.0006263124705393212
1029	0.0006263124705393212
1030	0.0006263124705393212
1031	0.0006263124705393212
1032	0.0006263124705393212
1033	0.0006263124705393212
1034	0.0006263124705393212
947	0.0006253350457793977
948	0.0006253350457793977
949	0.0006253350457793977
950	0.0006253350457793977
951	0.0006253350457793977
952	0.0006253350457793977
953	0.0006253350457793977
954	0.0006253350457793977
955	0.0006253350457793977
956	0.0006253350457793977
957	0.0006253350457793977
958	0.0006253350457793977
959	0.0006253350457793977
960	0.0006253350457793977
961	0.0006253350457793977
962	0.0006253350457793977
963	0.0006253350457793977
964	0.0006253350457793977
965	0.0006253350457793977
966	0.0006253350457793977
967	0.0006253350457793977
968	0.0006253350457793977
969	0.0006253350457793977
970	0.0006253350457793977
971	0.0006253350457793977
972	0.0006253350457793977
973	0.0006253350457793977
974	0.0006253350457793977
975	0.0006253350457793977
976	0.0006253350457793977
977	0.0006253350457793977
978	0.0006253350457793977
979	0.0006253350457793977
980	0.0006253350457793977
981	0.0006253350457793977
982	0.0006253350457793977
983	0.0006253350457793977
984	0.0006253350457793977
985	0.0006253350457793977
986	0.0006253350457793977
987	0.0006253350457793977
988	0.0006253350457793977
989	0.0006253350457793977
904	0.0006242956045768277
905	0.0006242956045768277
906	0.0006242956045768277
907	0.0006242956045768277
908	0.0006242956045768277
909	0.0006242956045768277
910	0.0006242956045768277
911	0.0006242956045768277
912	0.0006242956045768277
913	0.0006242956045768277
914	0.0006242956045768277
915	0.0006242956045768277
916	0.0006242956045768277
917	0.0006242956045768277
918	0.0006242956045768277
919	0.0006242956045768277
920	0.0006242956045768277
921	0.0006242956045768277
922	0.0006242956045768277
923	0.0006242956045768277
924	0.0006242956045768277
925	0.0006242956045768277
926	0.0006242956045768277
927	0.0006242956045768277
928	0.0006242956045768277
929	0.0006242956045768277
930	0.0006242956045768277
931	0.0006242956045768277
932	0.0006242956045768277
933	0.0006242956045768277
934	0.0006242956045768277
935	0.0006242956045768277
936	0.0006242956045768277
937	0.0006242956045768277
938	0.0006242956045768277
939	0.0006242956045768277
940	0.0006242956045768277
941	0.0006242956045768277
942	0.0006242956045768277
943	0.0006242956045768277
944	0.0006242956045768277
945	0.0006242956045768277
862	0.0006231894830507419
863	0.0006231894830507419
864	0.0006231894830507419
865	0.0006231894830507419
866	0.0006231894830507419
867	0.0006231894830507419
868	0.0006231894830507419
869	0.0006231894830507419
870	0.0006231894830507419
871	0.0006231894830507419
872	0.0006231894830507419
873	0.0006231894830507419
874	0.0006231894830507419
875	0.0006231894830507419
876	0.0006231894830507419
877	0.0006231894830507419
878	0.0006231894830507419
879	0.0006231894830507419
880	0.0006231894830507419
881	0.0006231894830507419
882	0.0006231894830507419
883	0.0006231894830507419
884	0.0006231894830507419
885	0.0006231894830507419
886	0.0006231894830507419
887	0.0006231894830507419
888	0.0006231894830507419
889	0.0006231894830507419
890	0.0006231894830507419
891	0.0006231894830507419
892	0.0006231894830507419
893	0.0006231894830507419
894	0.0006231894830507419
895	0.0006231894830507419
896	0.0006231894830507419
897	0.0006231894830507419
898	0.0006231894830507419
899	0.0006231894830507419
900	0.0006231894830507419
901	0.0006231894830507419
902	0.0006231894830507419
821	0.0006220115809606311
822	0.0006220115809606311
823	0.0006220115809606311
824	0.0006220115809606311
825	0.0006220115809606311
826	0.0006220115809606311
827	0.0006220115809606311
828	0.0006220115809606311
829	0.0006220115809606311
830	0.0006220115809606311
831	0.0006220115809606311
832	0.0006220115809606311
833	0.0006220115809606311
834	0.0006220115809606311
835	0.0006220115809606311
836	0.0006220115809606311
837	0.0006220115809606311
838	0.0006220115809606311
839	0.0006220115809606311
840	0.0006220115809606311
841	0.0006220115809606311
842	0.0006220115809606311
843	0.0006220115809606311
844	0.0006220115809606311
845	0.0006220115809606311
846	0.0006220115809606311
847	0.0006220115809606311
848	0.0006220115809606311
849	0.0006220115809606311
850	0.0006220115809606311
851	0.0006220115809606311
852	0.0006220115809606311
853	0.0006220115809606311
854	0.0006220115809606311
855	0.0006220115809606311
856	0.0006220115809606311
857	0.0006220115809606311
858	0.0006220115809606311
859	0.0006220115809606311
860	0.0006220115809606311
781	0.0006207563116052802
782	0.0006207563116052802
783	0.0006207563116052802
784	0.0006207563116052802
785	0.0006207563116052802
786	0.0006207563116052802
787	0.0006207563116052802
788	0.0006207563116052802
789	0.0006207563116052802
790	0.0006207563116052802
791	0.0006207563116052802
792	0.0006207563116052802
793	0.0006207563116052802
794	0.0006207563116052802
795	0.0006207563116052802
796	0.0006207563116052802
797	0.0006207563116052802
798	0.0006207563116052802
799	0.0006207563116052802
800	0.0006207563116052802
801	0.0006207563116052802
802	0.0006207563116052802
803	0.0006207563116052802
804	0.0006207563116052802
805	0.0006207563116052802
806	0.0006207563116052802
807	0.0006207563116052802
808	0.0006207563116052802
809	0.0006207563116052802
810	0.0006207563116052802
811	0.0006207563116052802
812	0.0006207563116052802
813	0.0006207563116052802
814	0.0006207563116052802
815	0.0006207563116052802
816	0.0006207563116052802
817	0.0006207563116052802
818	0.0006207563116052802
819	0.0006207563116052802
742	0.000619417544799254
743	0.000619417544799254
744	0.000619417544799254
745	0.000619417544799254
746	0.000619417544799254
747	0.000619417544799254
748	0.000619417544799254
749	0.000619417544799254
750	0.000619417544799254
751	0.000619417544799254
752	0.000619417544799254
753	0.000619417544799254
754	0.000619417544799254
755	0.000619417544799254
756	0.000619417544799254
757	0.000619417544799254
758	0.000619417544799254
759	0.000619417544799254
760	0.000619417544799254
761	0.000619417544799254
762	0.000619417544799254
763	0.000619417544799254
764	0.000619417544799254
765	0.000619417544799254
766	0.000619417544799254
767	0.000619417544799254
768	0.000619417544799254
769	0.000619417544799254
770	0.000619417544799254
771	0.000619417544799254
772	0.000619417544799254
773	0.000619417544799254
774	0.000619417544799254
775	0.000619417544799254
776	0.000619417544799254
777	0.000619417544799254
778	0.000619417544799254
779	0.000619417544799254
704	0.0006179885417963851
705	0.0006179885417963851
706	0.0006179885417963851
707	0.0006179885417963851
708	0.0006179885417963851
709	0.0006179885417963851
710	0.0006179885417963851
711	0.0006179885417963851
712	0.0006179885417963851
713	0.0006179885417963851
714	0.0006179885417963851
715	0.0006179885417963851
716	0.0006179885417963851
717	0.0006179885417963851
718	0.0006179885417963851
719	0.0006179885417963851
720	0.0006179885417963851
721	0.0006179885417963851
722	0.0006179885417963851
723	0.0006179885417963851
724	0.0006179885417963851
725	0.0006179885417963851
726	0.0006179885417963851
727	0.0006179885417963851
728	0.0006179885417963851
729	0.0006179885417963851
730	0.0006179885417963851
731	0.0006179885417963851
732	0.0006179885417963851
733	0.0006179885417963851
734	0.0006179885417963851
735	0.0006179885417963851
736	0.0006179885417963851
737	0.0006179885417963851
738	0.0006179885417963851
739	0.0006179885417963851
740	0.0006179885417963851
667	0.0006164618808147597
668	0.0006164618808147597
669	0.0006164618808147597
670	0.0006164618808147597
671	0.0006164618808147597
672	0.0006164618808147597
673	0.0006164618808147597
674	0.0006164618808147597
675	0.0006164618808147597
676	0.0006164618808147597
677	0.0006164618808147597
678	0.0006164618808147597
679	0.0006164618808147597
680	0.0006164618808147597
681	0.0006164618808147597
682	0.0006164618808147597
683	0.0006164618808147597
684	0.0006164618808147597
685	0.0006164618808147597
686	0.0006164618808147597
687	0.0006164618808147597
688	0.0006164618808147597
689	0.0006164618808147597
690	0.0006164618808147597
691	0.0006164618808147597
692	0.0006164618808147597
693	0.0006164618808147597
694	0.0006164618808147597
695	0.0006164618808147597
696	0.0006164618808147597
697	0.0006164618808147597
698	0.0006164618808147597
699	0.0006164618808147597
700	0.0006164618808147597
701	0.0006164618808147597
702	0.0006164618808147597
631	0.0006148293715557982
632	0.0006148293715557982
633	0.0006148293715557982
634	0.0006148293715557982
635	0.0006148293715557982
636	0.0006148293715557982
637	0.0006148293715557982
638	0.0006148293715557982
639	0.0006148293715557982
640	0.0006148293715557982
641	0.0006148293715557982
642	0.0006148293715557982
643	0.0006148293715557982
644	0.0006148293715557982
645	0.0006148293715557982
646	0.0006148293715557982
647	0.0006148293715557982
648	0.0006148293715557982
649	0.0006148293715557982
650	0.0006148293715557982
651	0.0006148293715557982
652	0.0006148293715557982
653	0.0006148293715557982
654	0.0006148293715557982
655	0.0006148293715557982
656	0.0006148293715557982
657	0.0006148293715557982
658	0.0006148293715557982
659	0.0006148293715557982
660	0.0006148293715557982
661	0.0006148293715557982
662	0.0006148293715557982
663	0.0006148293715557982
664	0.0006148293715557982
665	0.0006148293715557982
596	0.0006130819567894821
597	0.0006130819567894821
598	0.0006130819567894821
599	0.0006130819567894821
600	0.0006130819567894821
601	0.0006130819567894821
602	0.0006130819567894821
603	0.0006130819567894821
604	0.0006130819567894821
605	0.0006130819567894821
606	0.0006130819567894821
607	0.0006130819567894821
608	0.0006130819567894821
609	0.0006130819567894821
610	0.0006130819567894821
611	0.0006130819567894821
612	0.0006130819567894821
613	0.0006130819567894821
614	0.0006130819567894821
615	0.0006130819567894821
616	0.0006130819567894821
617	0.0006130819567894821
618	0.0006130819567894821
619	0.0006130819567894821
620	0.0006130819567894821
621	0.0006130819567894821
622	0.0006130819567894821
623	0.0006130819567894821
624	0.0006130819567894821
625	0.0006130819567894821
626	0.0006130819567894821
627	0.0006130819567894821
628	0.0006130819567894821
629	0.0006130819567894821
562	0.0006112095986836417
563	0.0006112095986836417
564	0.0006112095986836417
565	0.0006112095986836417
566	0.0006112095986836417
567	0.0006112095986836417
568	0.0006112095986836417
569	0.0006112095986836417
570	0.0006112095986836417
571	0.0006112095986836417
572	0.0006112095986836417
573	0.0006112095986836417
574	0.0006112095986836417
575	0.0006112095986836417
576	0.0006112095986836417
577	0.0006112095986836417
578	0.0006112095986836417
579	0.0006112095986836417
580	0.0006112095986836417
581	0.0006112095986836417
582	0.0006112095986836417
583	0.0006112095986836417
584	0.0006112095986836417
585	0.0006112095986836417
586	0.0006112095986836417
587	0.0006112095986836417
588	0.0006112095986836417
589	0.0006112095986836417
590	0.0006112095986836417
591	0.0006112095986836417
592	0.0006112095986836417
593	0.0006112095986836417
594	0.0006112095986836417
529	0.000609201147068304
530	0.000609201147068304
531	0.000609201147068304
532	0.000609201147068304
533	0.000609201147068304
534	0.000609201147068304
535	0.000609201147068304
536	0.000609201147068304
537	0.000609201147068304
538	0.000609201147068304
539	0.000609201147068304
540	0.000609201147068304
541	0.000609201147068304
542	0.000609201147068304
543	0.000609201147068304
544	0.000609201147068304
545	0.000609201147068304
546	0.000609201147068304
547	0.000609201147068304
548	0.000609201147068304
549	0.000609201147068304
550	0.000609201147068304
551	0.000609201147068304
552	0.000609201147068304
553	0.000609201147068304
554	0.000609201147068304
555	0.000609201147068304
556	0.000609201147068304
557	0.000609201147068304
558	0.000609201147068304
559	0.000609201147068304
560	0.000609201147068304
497	0.0006070441862214007
498	0.0006070441862214007
499	0.0006070441862214007
500	0.0006070441862214007
501	0.0006070441862214007
502	0.0006070441862214007
503	0.0006070441862214007
504	0.0006070441862214007
505	0.0006070441862214007
506	0.0006070441862214007
507	0.0006070441862214007
508	0.0006070441862214007
509	0.0006070441862214007
510	0.0006070441862214007
511	0.0006070441862214007
512	0.0006070441862214007
513	0.0006070441862214007
514	0.0006070441862214007
515	0.0006070441862214007
516	0.0006070441862214007
517	0.0006070441862214007
518	0.0006070441862214007
519	0.0006070441862214007
520	0.0006070441862214007
521	0.0006070441862214007
522	0.0006070441862214007
523	0.0006070441862214007
524	0.0006070441862214007
525	0.0006070441862214007
526	0.0006070441862214007
527	0.0006070441862214007
466	0.0006047248560072927
467	0.0006047248560072927
468	0.0006047248560072927
469	0.0006047248560072927
470	0.0006047248560072927
471	0.0006047248560072927
472	0.0006047248560072927
473	0.0006047248560072927
474	0.0006047248560072927
475	0.0006047248560072927
476	0.0006047248560072927
477	0.0006047248560072927
478	0.0006047248560072927
479	0.0006047248560072927
480	0.0006047248560072927
481	0.0006047248560072927
482	0.0006047248560072927
483	0.0006047248560072927
484	0.0006047248560072927
485	0.0006047248560072927
486	0.0006047248560072927
487	0.0006047248560072927
488	0.0006047248560072927
489	0.0006047248560072927
490	0.0006047248560072927
491	0.0006047248560072927
492	0.0006047248560072927
493	0.0006047248560072927
494	0.0006047248560072927
495	0.0006047248560072927
436	0.0006022276422519042
437	0.0006022276422519042
438	0.0006022276422519042
439	0.0006022276422519042
440	0.0006022276422519042
441	0.0006022276422519042
442	0.0006022276422519042
443	0.0006022276422519042
444	0.0006022276422519042
445	0.0006022276422519042
446	0.0006022276422519042
447	0.0006022276422519042
448	0.0006022276422519042
449	0.0006022276422519042
450	0.0006022276422519042
451	0.0006022276422519042
452	0.0006022276422519042
453	0.0006022276422519042
454	0.0006022276422519042
455	0.0006022276422519042
456	0.0006022276422519042
457	0.0006022276422519042
458	0.0006022276422519042
459	0.0006022276422519042
460	0.0006022276422519042
461	0.0006022276422519042
462	0.0006022276422519042
463	0.0006022276422519042
464	0.0006022276422519042
407	0.0005995351300415708
408	0.0005995351300415708
409	0.0005995351300415708
410	0.0005995351300415708
411	0.0005995351300415708
412	0.0005995351300415708
413	0.0005995351300415708
414	0.0005995351300415708
415	0.0005995351300415708
416	0.0005995351300415708
417	0.0005995351300415708
418	0.0005995351300415708
419	0.0005995351300415708
420	0.0005995351300415708
421	0.0005995351300415708
422	0.0005995351300415708
423	0.0005995351300415708
424	0.0005995351300415708
425	0.0005995351300415708
426	0.0005995351300415708
427	0.0005995351300415708
428	0.0005995351300415708
429	0.0005995351300415708
430	0.0005995351300415708
431	0.0005995351300415708
432	0.0005995351300415708
433	0.0005995351300415708
434	0.0005995351300415708
379	0.0005966277121121244
380	0.0005966277121121244
381	0.0005966277121121244
382	0.0005966277121121244
383	0.0005966277121121244
384	0.0005966277121121244
385	0.0005966277121121244
386	0.0005966277121121244
387	0.0005966277121121244
388	0.0005966277121121244
389	0.0005966277121121244
390	0.0005966277121121244
391	0.0005966277121121244
392	0.0005966277121121244
393	0.0005966277121121244
394	0.0005966277121121244
395	0.0005966277121121244
396	0.0005966277121121244
397	0.0005966277121121244
398	0.0005966277121121244
399	0.0005966277121121244
400	0.0005966277121121244
401	0.0005966277121121244
402	0.0005966277121121244
403	0.0005966277121121244
404	0.0005966277121121244
405	0.0005966277121121244
352	0.0005934832425498605
353	0.0005934832425498605
354	0.0005934832425498605
355	0.0005934832425498605
356	0.0005934832425498605
357	0.0005934832425498605
358	0.0005934832425498605
359	0.0005934832425498605
360	0.0005934832425498605
361	0.0005934832425498605
362	0.0005934832425498605
363	0.0005934832425498605
364	0.0005934832425498605
365	0.0005934832425498605
366	0.0005934832425498605
367	0.0005934832425498605
368	0.0005934832425498605
369	0.0005934832425498605
370	0.0005934832425498605
371	0.0005934832425498605
372	0.0005934832425498605
373	0.0005934832425498605
374	0.0005934832425498605
375	0.0005934832425498605
376	0.0005934832425498605
377	0.0005934832425498605
326	0.0005900766235213266
327	0.0005900766235213266
328	0.0005900766235213266
329	0.0005900766235213266
330	0.0005900766235213266
331	0.0005900766235213266
332	0.0005900766235213266
333	0.0005900766235213266
334	0.0005900766235213266
335	0.0005900766235213266
336	0.0005900766235213266
337	0.0005900766235213266
338	0.0005900766235213266
339	0.0005900766235213266
340	0.0005900766235213266
341	0.0005900766235213266
342	0.0005900766235213266
343	0.0005900766235213266
344	0.0005900766235213266
345	0.0005900766235213266
346	0.0005900766235213266
347	0.0005900766235213266
348	0.0005900766235213266
349	0.0005900766235213266
350	0.0005900766235213266
301	0.0005863793094992799
302	0.0005863793094992799
303	0.0005863793094992799
304	0.0005863793094992799
305	0.0005863793094992799
306	0.0005863793094992799
307	0.0005863793094992799
308	0.0005863793094992799
309	0.0005863793094992799
310	0.0005863793094992799
311	0.0005863793094992799
312	0.0005863793094992799
313	0.0005863793094992799
314	0.0005863793094992799
315	0.0005863793094992799
316	0.0005863793094992799
317	0.0005863793094992799
318	0.0005863793094992799
319	0.0005863793094992799
320	0.0005863793094992799
321	0.0005863793094992799
322	0.0005863793094992799
323	0.0005863793094992799
324	0.0005863793094992799
277	0.0005823587092034239
278	0.0005823587092034239
279	0.0005823587092034239
280	0.0005823587092034239
281	0.0005823587092034239
282	0.0005823587092034239
283	0.0005823587092034239
284	0.0005823587092034239
285	0.0005823587092034239
286	0.0005823587092034239
287	0.0005823587092034239
288	0.0005823587092034239
289	0.0005823587092034239
290	0.0005823587092034239
291	0.0005823587092034239
292	0.0005823587092034239
293	0.0005823587092034239
294	0.0005823587092034239
295	0.0005823587092034239
296	0.0005823587092034239
297	0.0005823587092034239
298	0.0005823587092034239
299	0.0005823587092034239
254	0.0005779774598733149
255	0.0005779774598733149
256	0.0005779774598733149
257	0.0005779774598733149
258	0.0005779774598733149
259	0.0005779774598733149
260	0.0005779774598733149
261	0.0005779774598733149
262	0.0005779774598733149
263	0.0005779774598733149
264	0.0005779774598733149
265	0.0005779774598733149
266	0.0005779774598733149
267	0.0005779774598733149
268	0.0005779774598733149
269	0.0005779774598733149
270	0.0005779774598733149
271	0.0005779774598733149
272	0.0005779774598733149
273	0.0005779774598733149
274	0.0005779774598733149
275	0.0005779774598733149
232	0.0005731925410414252
233	0.0005731925410414252
234	0.0005731925410414252
235	0.0005731925410414252
236	0.0005731925410414252
237	0.0005731925410414252
238	0.0005731925410414252
239	0.0005731925410414252
240	0.0005731925410414252
241	0.0005731925410414252
242	0.0005731925410414252
243	0.0005731925410414252
244	0.0005731925410414252
245	0.0005731925410414252
246	0.0005731925410414252
247	0.0005731925410414252
248	0.0005731925410414252
249	0.0005731925410414252
250	0.0005731925410414252
251	0.0005731925410414252
252	0.0005731925410414252
211	0.0005679541849736308
212	0.0005679541849736308
213	0.0005679541849736308
214	0.0005679541849736308
215	0.0005679541849736308
216	0.0005679541849736308
217	0.0005679541849736308
218	0.0005679541849736308
219	0.0005679541849736308
220	0.0005679541849736308
221	0.0005679541849736308
222	0.0005679541849736308
223	0.0005679541849736308
224	0.0005679541849736308
225	0.0005679541849736308
226	0.0005679541849736308
227	0.0005679541849736308
228	0.0005679541849736308
229	0.0005679541849736308
230	0.0005679541849736308
191	0.0005622045273834266
192	0.0005622045273834266
193	0.0005622045273834266
194	0.0005622045273834266
195	0.0005622045273834266
196	0.0005622045273834266
197	0.0005622045273834266
198	0.0005622045273834266
199	0.0005622045273834266
200	0.0005622045273834266
201	0.0005622045273834266
202	0.0005622045273834266
203	0.0005622045273834266
204	0.0005622045273834266
205	0.0005622045273834266
206	0.0005622045273834266
207	0.0005622045273834266
208	0.0005622045273834266
209	0.0005622045273834266
172	0.0005558759234389617
173	0.0005558759234389617
174	0.0005558759234389617
175	0.0005558759234389617
176	0.0005558759234389617
177	0.0005558759234389617
178	0.0005558759234389617
179	0.0005558759234389617
180	0.0005558759234389617
181	0.0005558759234389617
182	0.0005558759234389617
183	0.0005558759234389617
184	0.0005558759234389617
185	0.0005558759234389617
186	0.0005558759234389617
187	0.0005558759234389617
188	0.0005558759234389617
189	0.0005558759234389617
154	0.0005488888283103441
155	0.0005488888283103441
156	0.0005488888283103441
157	0.0005488888283103441
158	0.0005488888283103441
159	0.0005488888283103441
160	0.0005488888283103441
161	0.0005488888283103441
162	0.0005488888283103441
163	0.0005488888283103441
164	0.0005488888283103441
165	0.0005488888283103441
166	0.0005488888283103441
167	0.0005488888283103441
168	0.0005488888283103441
169	0.0005488888283103441
170	0.0005488888283103441
137	0.0005411491053250866
138	0.0005411491053250866
139	0.0005411491053250866
140	0.0005411491053250866
141	0.0005411491053250866
142	0.0005411491053250866
143	0.0005411491053250866
144	0.0005411491053250866
145	0.0005411491053250866
146	0.0005411491053250866
147	0.0005411491053250866
148	0.0005411491053250866
149	0.0005411491053250866
150	0.0005411491053250866
151	0.0005411491053250866
152	0.0005411491053250866
121	0.0005325445733232411
122	0.0005325445733232411
123	0.0005325445733232411
124	0.0005325445733232411
125	0.0005325445733232411
126	0.0005325445733232411
127	0.0005325445733232411
128	0.0005325445733232411
129	0.0005325445733232411
130	0.0005325445733232411
131	0.0005325445733232411
132	0.0005325445733232411
133	0.0005325445733232411
134	0.0005325445733232411
135	0.0005325445733232411
106	0.0005229405304914102
107	0.0005229405304914102
108	0.0005229405304914102
109	0.0005229405304914102
110	0.0005229405304914102
111	0.0005229405304914102
112	0.0005229405304914102
113	0.0005229405304914102
114	0.0005229405304914102
115	0.0005229405304914102
116	0.0005229405304914102
117	0.0005229405304914102
118	0.0005229405304914102
119	0.0005229405304914102
92	0.0005121738829678963
93	0.0005121738829678963
94	0.0005121738829678963
95	0.0005121738829678963
96	0.0005121738829678963
97	0.0005121738829678963
98	0.0005121738829678963
99	0.0005121738829678963
100	0.0005121738829678963
101	0.0005121738829678963
102	0.0005121738829678963
103	0.0005121738829678963
104	0.0005121738829678963
79	0.0005000453438916063
80	0.0005000453438916063
81	0.0005000453438916063
82	0.0005000453438916063
83	0.0005000453438916063
84	0.0005000453438916063
85	0.0005000453438916063
86	0.0005000453438916063
87	0.0005000453438916063
88	0.0005000453438916063
89	0.0005000453438916063
90	0.0005000453438916063
67	0.0004863089212955873
68	0.0004863089212955873
69	0.0004863089212955873
70	0.0004863089212955873
71	0.0004863089212955873
72	0.0004863089212955873
73	0.0004863089212955873
74	0.0004863089212955873
75	0.0004863089212955873
76	0.0004863089212955873
77	0.0004863089212955873
56	0.0004706575293574475
57	0.0004706575293574475
58	0.0004706575293574475
59	0.0004706575293574475
60	0.0004706575293574475
61	0.0004706575293574475
62	0.0004706575293574475
63	0.0004706575293574475
64	0.0004706575293574475
65	0.0004706575293574475
46	0.0004527029476650003
47	0.0004527029476650003
48	0.0004527029476650003
49	0.0004527029476650003
50	0.0004527029476650003
51	0.0004527029476650003
52	0.0004527029476650003
53	0.0004527029476650003
54	0.0004527029476650003
37	0.0004319473592128358
38	0.0004319473592128358
39	0.0004319473592128358
40	0.0004319473592128358
41	0.0004319473592128358
42	0.0004319473592128358
43	0.0004319473592128358
44	0.0004319473592128358
29	0.0004077420308193859
30	0.0004077420308193859
31	0.0004077420308193859
32	0.0004077420308193859
33	0.0004077420308193859
34	0.0004077420308193859
35	0.0004077420308193859
22	0.00037922581190233385
23	0.00037922581190233385
24	0.00037922581190233385
25	0.00037922581190233385
26	0.00037922581190233385
27	0.00037922581190233385
16	0.0003452309378874992
17	0.0003452309378874992
18	0.0003452309378874992
19	0.0003452309378874992
20	0.0003452309378874992
11	0.00030413389605481384
12	0.00030413389605481384
13	0.00030413389605481384
14	0.00030413389605481384
7	0.0002536099589833054
8	0.0002536099589833054
9	0.0002536099589833054
4	0.0001902100466865919
5	0.0001902100466865919
2	0.00010858932505196478
