1540	0.0013914510001133066
1485	0.0013909179472209971
1431	0.0013903579363014104
1378	0.0013897693098038164
1326	0.0013891502834980952
1275	0.0013884989346639605
1225	0.0013878131889610195
1176	0.0013870908058108405
1128	0.0013863293620911302
1081	0.0013855262339137705
1035	0.0013846785762217954
990	0.001383783299896887
946	0.0013828370460212459
903	0.0013818361568754798
861	0.0013807766431843066
820	0.0013796541470376719
780	0.0013784638998113638
741	0.0013772006742895264
703	0.0013758587300474788
666	0.0013744317509602766
630	0.0013729127735069208
595	0.001371294104243135
561	0.0013695672245158522
528	0.0013677226800590503
496	0.0013657499526290903
465	0.001363637310184336
435	0.0013613716313432781
406	0.0013589381988423326
378	0.0013563204554450385
351	0.0013534997141390907
325	0.001350454812351592
300	0.0013471616972139217
276	0.0013435929253454
253	0.001339717055957281
231	0.001335497909844576
210	0.0013308936584972653
190	0.0013258556962223893
171	0.0013203272326482072
153	0.001314241521464721
136	0.0013075196110322869
120	0.0013000674594990094
105	0.0012917721950172632
91	0.0012824972106124071
78	0.0012720756474657424
66	0.0012603016138554427
55	0.0012469181664131871
45	0.0012316005710368563
36	0.0012139325307481887
28	0.001193371675593894
21	0.0011691981980763446
15	0.0011404361835965385
10	0.001105729060920644
6	0.0010631346029093167
3	0.0010097715495728595
1	0.0009411753880401817
1541	0.00063397866488918
1542	0.00063397866488918
1543	0.00063397866488918
1544	0.00063397866488918
1545	0.00063397866488918
1546	0.00063397866488918
1547	0.00063397866488918
1548	0.00063397866488918
1549	0.00063397866488918
1550	0.00063397866488918
1551	0.00063397866488918
1552	0.00063397866488918
1553	0.00063397866488918
1554	0.00063397866488918
1555	0.00063397866488918
1556	0.00063397866488918
1557	0.00063397866488918
1558	0.00063397866488918
1559	0.00063397866488918
1560	0.00063397866488918
1561	0.00063397866488918
1562	0.00063397866488918
1563	0.00063397866488918
1564	0.00063397866488918
1565	0.00063397866488918
1566	0.00063397866488918
1567	0.00063397866488918
1568	0.00063397866488918
1569	0.00063397866488918
1570	0.00063397866488918
1571	0.00063397866488918
1572	0.00063397866488918
1573	0.00063397866488918
1574	0.00063397866488918
1575	0.00063397866488918
1576	0.00063397866488918
1577	0.00063397866488918
1578	0.00063397866488918
1579	0.00063397866488918
1580	0.00063397866488918
1581	0.00063397866488918
1582	0.00063397866488918
1583	0.00063397866488918
1584	0.00063397866488918
1585	0.00063397866488918
1586	0.00063397866488918
1587	0.00063397866488918
1588	0.00063397866488918
1589	0.00063397866488918
1590	0.00063397866488918
1591	0.00063397866488918
1592	0.00063397866488918
1593	0.00063397866488918
1594	0.00063397866488918
1595	0.00063397866488918
1539	0.000633464808218682
1486	0.0006334648082156089
1511	0.0006334648082154922
1494	0.0006334648082154662
1526	0.0006334648082154445
1530	0.0006334648082154359
1523	0.000633464808215429
1514	0.0006334648082154209
1537	0.0006334648082154195
1491	0.0006334648082154167
1532	0.0006334648082154007
1507	0.0006334648082154001
1521	0.000633464808215399
1498	0.0006334648082153985
1493	0.0006334648082153969
1496	0.0006334648082153963
1516	0.000633464808215396
1499	0.0006334648082153957
1529	0.0006334648082153951
1538	0.0006334648082153949
1513	0.0006334648082153935
1524	0.0006334648082153935
1533	0.0006334648082153935
1509	0.0006334648082153929
1525	0.0006334648082153907
1487	0.0006334648082153902
1536	0.0006334648082153902
1488	0.0006334648082153896
1531	0.000633464808215388
1490	0.0006334648082153863
1500	0.0006334648082153863
1522	0.0006334648082153857
1535	0.0006334648082153857
1528	0.0006334648082153843
1506	0.0006334648082153841
1508	0.0006334648082153838
1489	0.0006334648082153835
1534	0.0006334648082153832
1505	0.000633464808215383
1518	0.0006334648082153821
1527	0.0006334648082153813
1492	0.0006334648082153807
1517	0.0006334648082153807
1520	0.0006334648082153804
1510	0.0006334648082153799
1501	0.0006334648082153796
1495	0.0006334648082153791
1515	0.000633464808215378
1502	0.0006334648082153775
1497	0.0006334648082153768
1503	0.0006334648082153768
1519	0.0006334648082153768
1504	0.0006334648082153763
1512	0.0006334648082153716
1439	0.0006329211013625794
1434	0.0006329211013625764
1447	0.0006329211013625744
1460	0.0006329211013625639
1432	0.0006329211013625598
1443	0.00063292110136255
1465	0.0006329211013625477
1452	0.0006329211013625425
1455	0.0006329211013625411
1456	0.0006329211013625389
1469	0.0006329211013625151
1482	0.0006329211013625096
1450	0.0006329211013625082
1464	0.000632921101362508
1440	0.0006329211013625068
1479	0.0006329211013625023
1468	0.0006329211013624991
1454	0.0006329211013624959
1471	0.0006329211013624913
1478	0.0006329211013624913
1476	0.0006329211013624893
1474	0.0006329211013624874
1475	0.0006329211013624871
1473	0.0006329211013624857
1441	0.0006329211013624852
1459	0.0006329211013624841
1481	0.0006329211013624839
1457	0.0006329211013624818
1483	0.0006329211013624818
1445	0.0006329211013624815
1472	0.0006329211013624802
1451	0.0006329211013624777
1463	0.0006329211013624713
1480	0.0006329211013624702
1477	0.000632921101362469
1461	0.0006329211013624633
1436	0.0006329211013624602
1470	0.0006329211013624596
1467	0.0006329211013624581
1433	0.0006329211013624569
1442	0.0006329211013624567
1446	0.000632921101362456
1444	0.0006329211013624522
1462	0.0006329211013624512
1437	0.0006329211013624508
1448	0.0006329211013624497
1449	0.0006329211013624492
1438	0.0006329211013624305
1466	0.0006329211013624283
1458	0.0006329211013624189
1435	0.0006329211013624181
1453	0.0006329211013624173
1484	0.0006329211013623803
1399	0.0006323456314206313
1402	0.0006323456314206182
1394	0.0006323456314206116
1404	0.0006323456314205822
1392	0.0006323456314205779
1383	0.0006323456314205466
1426	0.0006323456314205421
1414	0.000632345631420539
1379	0.0006323456314205375
1412	0.0006323456314205204
1424	0.0006323456314205204
1396	0.000632345631420519
1409	0.0006323456314205162
1397	0.0006323456314205147
1428	0.0006323456314205138
1417	0.0006323456314205121
1388	0.0006323456314205113
1389	0.0006323456314205105
1410	0.0006323456314205092
1418	0.0006323456314205055
1385	0.000632345631420505
1419	0.0006323456314205044
1422	0.0006323456314205033
1406	0.0006323456314204997
1415	0.0006323456314204983
1387	0.0006323456314204862
1382	0.0006323456314204826
1423	0.0006323456314204817
1408	0.0006323456314204778
1429	0.0006323456314204778
1420	0.0006323456314204773
1403	0.0006323456314204707
1430	0.0006323456314204641
1390	0.0006323456314204621
1386	0.0006323456314204609
1427	0.0006323456314204569
1411	0.0006323456314204555
1425	0.0006323456314204555
1421	0.0006323456314204549
1407	0.0006323456314204513
1380	0.0006323456314204504
1401	0.0006323456314204491
1398	0.0006323456314204433
1413	0.0006323456314204408
1405	0.0006323456314204335
1416	0.0006323456314204299
1391	0.000632345631420413
1400	0.0006323456314204116
1384	0.00063234563142041
1393	0.0006323456314203978
1381	0.0006323456314203953
1395	0.0006323456314203941
1339	0.000631736336654099
1342	0.0006317363366540817
1335	0.0006317363366540505
1333	0.0006317363366539735
1330	0.0006317363366539635
1367	0.0006317363366539619
1362	0.0006317363366539602
1345	0.0006317363366539589
1329	0.000631736336653943
1374	0.000631736336653935
1369	0.0006317363366539306
1350	0.0006317363366539292
1353	0.0006317363366539226
1376	0.000631736336653909
1358	0.0006317363366539083
1363	0.0006317363366539062
1370	0.0006317363366539042
1357	0.0006317363366538999
1377	0.0006317363366538999
1347	0.0006317363366538996
1355	0.0006317363366538996
1356	0.0006317363366538919
1359	0.0006317363366538905
1354	0.0006317363366538899
1337	0.0006317363366538866
1346	0.0006317363366538866
1365	0.0006317363366538848
1351	0.0006317363366538821
1373	0.0006317363366538821
1372	0.0006317363366538779
1360	0.0006317363366538761
1371	0.0006317363366538746
1349	0.0006317363366538682
1366	0.000631736336653865
1364	0.0006317363366538581
1375	0.0006317363366538555
1328	0.0006317363366538486
1352	0.0006317363366538297
1361	0.0006317363366538146
1340	0.0006317363366538126
1331	0.0006317363366538101
1341	0.0006317363366538046
1368	0.0006317363366538046
1344	0.0006317363366537998
1327	0.0006317363366537991
1348	0.0006317363366537738
1336	0.0006317363366537677
1332	0.0006317363366537672
1338	0.0006317363366537447
1343	0.0006317363366537342
1334	0.0006317363366537337
1287	0.0006310909925029998
1276	0.0006310909925028767
1281	0.0006310909925028387
1304	0.0006310909925028172
1299	0.0006310909925028115
1283	0.0006310909925027998
1291	0.0006310909925027886
1284	0.0006310909925027761
1278	0.0006310909925027702
1314	0.00063109099250277
1316	0.0006310909925027675
1322	0.0006310909925027672
1294	0.0006310909925027658
1293	0.000631090992502747
1311	0.0006310909925027466
1308	0.0006310909925027429
1325	0.000631090992502734
1303	0.0006310909925027325
1309	0.0006310909925027251
1321	0.0006310909925027125
1297	0.0006310909925027068
1286	0.0006310909925026993
1320	0.000631090992502699
1319	0.0006310909925026951
1317	0.0006310909925026943
1324	0.000631090992502693
1312	0.000631090992502688
1277	0.0006310909925026858
1300	0.0006310909925026847
1306	0.0006310909925026804
1289	0.0006310909925026797
1307	0.0006310909925026797
1310	0.0006310909925026762
1302	0.0006310909925026753
1313	0.0006310909925026711
1295	0.0006310909925026709
1298	0.0006310909925026623
1290	0.0006310909925026562
1296	0.0006310909925026554
1282	0.0006310909925026457
1318	0.0006310909925026448
1323	0.0006310909925026277
1315	0.0006310909925026205
1305	0.0006310909925026199
1292	0.0006310909925026186
1279	0.0006310909925026183
1301	0.0006310909925026161
1280	0.0006310909925025733
1285	0.0006310909925025191
1288	0.0006310909925024594
1235	0.0006304071960135065
1231	0.0006304071960134804
1226	0.0006304071960134331
1228	0.0006304071960134314
1256	0.0006304071960134134
1243	0.0006304071960134124
1245	0.0006304071960133996
1267	0.0006304071960133924
1252	0.000630407196013376
1264	0.0006304071960133653
1260	0.0006304071960133625
1237	0.0006304071960133616
1270	0.0006304071960133597
1247	0.0006304071960133526
1233	0.0006304071960133514
1254	0.000630407196013351
1262	0.0006304071960133463
1251	0.000630407196013341
1249	0.0006304071960133304
1242	0.0006304071960133279
1240	0.0006304071960133251
1259	0.0006304071960133138
1273	0.0006304071960132867
1258	0.0006304071960132817
1229	0.0006304071960132756
1266	0.0006304071960132687
1268	0.0006304071960132683
1274	0.0006304071960132517
1272	0.0006304071960132502
1246	0.0006304071960132386
1250	0.0006304071960132136
1265	0.0006304071960132113
1271	0.0006304071960132109
1269	0.0006304071960132087
1239	0.0006304071960131974
1263	0.0006304071960131937
1255	0.0006304071960131897
1248	0.0006304071960131895
1234	0.000630407196013189
1257	0.0006304071960131799
1261	0.0006304071960131795
1253	0.0006304071960131615
1241	0.0006304071960131516
1227	0.0006304071960131323
1238	0.0006304071960131106
1236	0.000630407196013091
1244	0.0006304071960130457
1232	0.0006304071960130323
1230	0.0006304071960129917
1198	0.0006296823484967219
1202	0.0006296823484966735
1195	0.0006296823484966644
1193	0.000629682348496632
1204	0.0006296823484966292
1185	0.0006296823484966187
1186	0.0006296823484966087
1218	0.0006296823484965877
1179	0.0006296823484965697
1214	0.0006296823484965658
1212	0.0006296823484965636
1181	0.0006296823484965476
1191	0.0006296823484965468
1199	0.0006296823484965371
1209	0.0006296823484965266
1208	0.0006296823484965233
1190	0.0006296823484965158
1223	0.0006296823484965119
1200	0.0006296823484965073
1206	0.0006296823484965034
1177	0.0006296823484964931
1205	0.0006296823484964887
1220	0.0006296823484964843
1183	0.0006296823484964579
1180	0.0006296823484964513
1221	0.0006296823484964458
1222	0.0006296823484964383
1187	0.0006296823484964162
1217	0.000629682348496416
1215	0.0006296823484964146
1211	0.0006296823484964062
1224	0.0006296823484963971
1210	0.0006296823484963885
1207	0.0006296823484963773
1194	0.0006296823484963612
1188	0.0006296823484963565
1213	0.0006296823484963556
1216	0.0006296823484963506
1184	0.0006296823484963431
1178	0.0006296823484963385
1189	0.0006296823484963022
1196	0.0006296823484962837
1219	0.0006296823484962593
1192	0.0006296823484962546
1203	0.0006296823484962364
1182	0.0006296823484962145
1201	0.0006296823484961965
1197	0.0006296823484961863
1134	0.0006289136361753564
1146	0.0006289136361753337
1137	0.0006289136361752932
1142	0.0006289136361752181
1140	0.0006289136361751343
1153	0.0006289136361751211
1129	0.0006289136361750558
1161	0.0006289136361750519
1148	0.0006289136361750342
1144	0.0006289136361750298
1159	0.0006289136361750052
1130	0.0006289136361750002
1156	0.0006289136361749962
1155	0.0006289136361749833
1162	0.0006289136361749723
1151	0.0006289136361749704
1139	0.0006289136361749479
1166	0.0006289136361749433
1172	0.0006289136361749424
1175	0.0006289136361749422
1133	0.0006289136361749394
1171	0.000628913636174938
1157	0.0006289136361749366
1170	0.0006289136361749299
1165	0.0006289136361749272
1174	0.0006289136361749183
1169	0.000628913636174916
1149	0.0006289136361749151
1135	0.0006289136361748862
1168	0.0006289136361748736
1143	0.0006289136361748531
1150	0.0006289136361748475
1173	0.0006289136361748475
1167	0.0006289136361748431
1164	0.000628913636174832
1163	0.0006289136361748005
1138	0.0006289136361747483
1131	0.000628913636174748
1136	0.0006289136361747389
1132	0.000628913636174699
1160	0.0006289136361746989
1158	0.000628913636174696
1145	0.0006289136361746701
1147	0.0006289136361746656
1152	0.0006289136361746586
1154	0.000628913636174625
1141	0.000628913636174419
1086	0.0006280980085473303
1099	0.0006280980085472537
1105	0.0006280980085470723
1113	0.0006280980085470641
1094	0.000628098008547019
1084	0.0006280980085470051
1082	0.0006280980085469389
1111	0.0006280980085469259
1103	0.0006280980085469098
1092	0.0006280980085469011
1117	0.0006280980085468949
1119	0.0006280980085468949
1096	0.0006280980085468775
1090	0.0006280980085468669
1109	0.0006280980085468628
1087	0.0006280980085468547
1107	0.0006280980085468537
1097	0.0006280980085468296
1126	0.0006280980085468264
1115	0.0006280980085468235
1118	0.0006280980085468119
1127	0.0006280980085468073
1104	0.0006280980085467968
1108	0.0006280980085467786
1120	0.0006280980085467727
1124	0.0006280980085467657
1125	0.0006280980085467643
1122	0.0006280980085467626
1121	0.0006280980085467534
1123	0.0006280980085467288
1116	0.0006280980085467279
1093	0.0006280980085466837
1110	0.0006280980085466799
1091	0.000628098008546674
1106	0.0006280980085466512
1102	0.000628098008546648
1114	0.0006280980085466434
1101	0.0006280980085466251
1088	0.0006280980085465911
1098	0.000628098008546564
1089	0.0006280980085464946
1100	0.00062809800854646
1083	0.0006280980085464548
1112	0.0006280980085464243
1085	0.0006280980085462989
1095	0.0006280980085461383
1055	0.0006272321541499396
1037	0.0006272321541496969
1049	0.0006272321541495607
1061	0.0006272321541495424
1046	0.0006272321541495319
1043	0.0006272321541494819
1057	0.0006272321541494694
1050	0.0006272321541494623
1047	0.0006272321541494602
1063	0.000627232154149429
1040	0.0006272321541493965
1069	0.0006272321541493747
1076	0.0006272321541493543
1053	0.0006272321541493366
1041	0.0006272321541493264
1073	0.000627232154149317
1065	0.0006272321541492917
1052	0.0006272321541492901
1072	0.0006272321541492891
1067	0.0006272321541492783
1080	0.0006272321541492776
1078	0.0006272321541492664
1070	0.0006272321541492393
1064	0.0006272321541492282
1060	0.0006272321541491823
1059	0.0006272321541491497
1075	0.0006272321541491354
1074	0.0006272321541491325
1079	0.0006272321541491302
1039	0.0006272321541491255
1042	0.0006272321541491208
1077	0.0006272321541490605
1038	0.0006272321541490296
1066	0.000627232154149002
1071	0.0006272321541489865
1068	0.0006272321541489802
1044	0.0006272321541488951
1062	0.0006272321541488778
1048	0.0006272321541488688
1058	0.0006272321541488298
1051	0.0006272321541488216
1054	0.0006272321541487511
1056	0.0006272321541487393
1045	0.0006272321541487248
1036	0.0006272321541487199
996	0.0006263124733543413
991	0.0006263124733541428
993	0.0006263124733540519
999	0.0006263124733539088
1002	0.0006263124733538365
1022	0.0006263124733538309
1020	0.0006263124733537967
997	0.0006263124733537784
1010	0.0006263124733537558
1027	0.0006263124733537397
1019	0.0006263124733537194
1016	0.0006263124733537165
1011	0.0006263124733537121
1003	0.0006263124733536817
1015	0.0006263124733536734
1030	0.0006263124733536734
1032	0.0006263124733536583
1007	0.000626312473353658
1033	0.0006263124733536272
1006	0.0006263124733536259
1028	0.0006263124733536182
1013	0.0006263124733536
1009	0.0006263124733535989
1034	0.0006263124733535989
1004	0.0006263124733535977
1018	0.0006263124733535873
1025	0.0006263124733535768
1024	0.0006263124733535491
1005	0.000626312473353532
1029	0.000626312473353521
1012	0.0006263124733535077
1021	0.0006263124733534944
1008	0.0006263124733534376
1026	0.0006263124733534304
1000	0.0006263124733533906
1031	0.0006263124733533705
1023	0.0006263124733533674
992	0.0006263124733533205
1017	0.000626312473353283
1001	0.0006263124733532304
994	0.00062631247335321
1014	0.0006263124733531602
998	0.0006263124733530901
995	0.0006263124733527415
949	0.000625335047767446
947	0.000625335047767382
954	0.0006253350477672025
959	0.0006253350477671636
976	0.0006253350477671429
967	0.0006253350477669562
958	0.0006253350477669176
963	0.0006253350477668951
955	0.0006253350477668805
961	0.0006253350477668654
985	0.0006253350477668416
982	0.0006253350477668292
950	0.000625335047766816
988	0.0006253350477667918
968	0.0006253350477667844
971	0.0006253350477667676
965	0.000625335047766764
986	0.0006253350477667273
973	0.0006253350477667069
979	0.0006253350477667056
972	0.0006253350477666948
983	0.0006253350477666903
978	0.0006253350477666776
952	0.0006253350477666569
989	0.0006253350477666566
974	0.0006253350477666558
966	0.0006253350477666299
977	0.0006253350477665816
969	0.0006253350477665498
984	0.0006253350477665286
980	0.0006253350477665216
987	0.0006253350477665128
981	0.0006253350477665016
975	0.0006253350477664256
964	0.0006253350477664159
953	0.0006253350477664123
951	0.0006253350477663747
956	0.0006253350477663433
962	0.0006253350477663342
960	0.0006253350477663265
948	0.0006253350477660565
970	0.0006253350477660133
957	0.0006253350477660081
914	0.0006242956057389805
904	0.0006242956057389456
932	0.0006242956057383207
909	0.0006242956057382253
926	0.0006242956057382026
910	0.0006242956057381874
923	0.0006242956057380862
939	0.0006242956057380495
930	0.000624295605738029
906	0.0006242956057380257
913	0.000624295605738021
921	0.000624295605738021
918	0.000624295605737988
919	0.0006242956057379735
908	0.0006242956057379551
943	0.000624295605737954
917	0.0006242956057379514
941	0.0006242956057379507
936	0.0006242956057379283
933	0.0006242956057379271
924	0.000624295605737927
937	0.0006242956057379007
942	0.0006242956057378723
938	0.00062429560573787
944	0.0006242956057378421
929	0.0006242956057378345
916	0.0006242956057378119
934	0.0006242956057378108
945	0.0006242956057377765
928	0.0006242956057377671
935	0.0006242956057377589
905	0.0006242956057377053
925	0.0006242956057376976
920	0.0006242956057376683
940	0.0006242956057376371
911	0.0006242956057375955
912	0.0006242956057374451
922	0.0006242956057374263
931	0.0006242956057373957
927	0.0006242956057373908
907	0.0006242956057373565
915	0.0006242956057368698
865	0.0006231894833902259
880	0.0006231894833896685
863	0.0006231894833896085
875	0.0006231894833895114
870	0.0006231894833895024
872	0.0006231894833894753
878	0.0006231894833894129
881	0.0006231894833893722
877	0.0006231894833893686
866	0.0006231894833893572
896	0.0006231894833893414
891	0.0006231894833893402
893	0.000623189483389248
874	0.0006231894833892359
897	0.0006231894833892166
901	0.0006231894833892131
883	0.0006231894833892116
887	0.0006231894833892
886	0.0006231894833891992
894	0.0006231894833891835
889	0.0006231894833891675
884	0.0006231894833891514
871	0.0006231894833891121
885	0.0006231894833890984
899	0.000623189483389096
900	0.0006231894833890958
898	0.000623189483389091
902	0.0006231894833890822
892	0.0006231894833890551
888	0.0006231894833890168
868	0.0006231894833889935
890	0.0006231894833889634
895	0.0006231894833889476
867	0.0006231894833889211
876	0.0006231894833888541
869	0.0006231894833888379
882	0.0006231894833888258
862	0.0006231894833888053
873	0.0006231894833886978
879	0.0006231894833884015
864	0.0006231894833881378
833	0.0006220115804840781
839	0.0006220115804840446
837	0.0006220115804837931
823	0.0006220115804837554
829	0.0006220115804837534
834	0.0006220115804837355
843	0.0006220115804837355
849	0.0006220115804836155
858	0.000622011580483572
840	0.0006220115804835321
851	0.000622011580483516
822	0.000622011580483513
855	0.0006220115804835046
860	0.0006220115804834708
826	0.0006220115804834686
828	0.0006220115804834334
846	0.0006220115804834276
845	0.0006220115804834211
857	0.000622011580483366
821	0.0006220115804833494
853	0.0006220115804833447
848	0.0006220115804833428
852	0.0006220115804832867
847	0.0006220115804832375
827	0.0006220115804832081
825	0.0006220115804832064
854	0.000622011580483189
836	0.0006220115804831532
856	0.0006220115804831295
859	0.000622011580483107
844	0.0006220115804830989
824	0.0006220115804830846
850	0.0006220115804830804
831	0.000622011580482974
830	0.000622011580482964
842	0.0006220115804829249
838	0.0006220115804828715
841	0.0006220115804827611
835	0.0006220115804827579
832	0.0006220115804826851
784	0.0006207563103242646
788	0.0006207563103238745
794	0.0006207563103236805
798	0.0006207563103235196
781	0.0006207563103233951
796	0.0006207563103233212
785	0.0006207563103232662
791	0.0006207563103232662
800	0.0006207563103232624
793	0.000620756310323233
806	0.0006207563103232292
802	0.0006207563103231978
814	0.0006207563103231708
808	0.0006207563103231256
803	0.0006207563103231127
815	0.0006207563103230336
810	0.0006207563103229999
818	0.0006207563103229988
811	0.00062075631032299
812	0.0006207563103229581
782	0.0006207563103229563
786	0.0006207563103229542
805	0.0006207563103229385
819	0.0006207563103229162
817	0.000620756310322893
801	0.0006207563103227926
816	0.0006207563103227685
792	0.0006207563103227294
795	0.0006207563103227162
809	0.000620756310322698
813	0.0006207563103226638
804	0.0006207563103226409
807	0.0006207563103226329
790	0.0006207563103223921
799	0.000620756310322298
797	0.0006207563103221849
787	0.0006207563103221034
789	0.0006207563103221011
783	0.0006207563103217859
756	0.0006194175427270108
747	0.0006194175427266639
753	0.0006194175427265792
758	0.0006194175427264035
742	0.0006194175427263684
750	0.000619417542726285
767	0.000619417542726261
775	0.000619417542726045
772	0.0006194175427260445
760	0.0006194175427259866
745	0.0006194175427259106
769	0.000619417542725904
766	0.0006194175427259013
776	0.0006194175427258812
762	0.0006194175427258177
777	0.0006194175427257837
748	0.0006194175427257746
770	0.0006194175427257696
774	0.00061941754272574
779	0.0006194175427257102
778	0.0006194175427257085
771	0.0006194175427256918
761	0.0006194175427256858
765	0.0006194175427256635
764	0.0006194175427256371
754	0.0006194175427255737
759	0.0006194175427255604
773	0.0006194175427255558
763	0.0006194175427255359
744	0.0006194175427255096
752	0.0006194175427254733
749	0.0006194175427253796
768	0.0006194175427253516
743	0.0006194175427249075
751	0.0006194175427249034
755	0.0006194175427248905
746	0.0006194175427248265
757	0.0006194175427243373
716	0.000617988538952391
711	0.0006179885389522231
708	0.0006179885389519743
719	0.0006179885389518035
706	0.0006179885389517477
721	0.0006179885389516886
723	0.0006179885389516347
731	0.0006179885389516122
705	0.0006179885389515007
734	0.0006179885389514954
718	0.0006179885389513138
738	0.0006179885389512963
727	0.0006179885389512731
722	0.0006179885389512192
714	0.0006179885389512171
737	0.0006179885389511364
740	0.0006179885389511175
728	0.0006179885389510876
725	0.0006179885389510452
736	0.0006179885389510114
713	0.0006179885389510075
732	0.0006179885389509737
733	0.0006179885389509484
724	0.0006179885389509465
729	0.0006179885389509029
715	0.0006179885389508792
730	0.000617988538950857
726	0.0006179885389508134
704	0.000617988538950812
735	0.0006179885389507934
739	0.0006179885389507613
709	0.0006179885389507323
712	0.0006179885389507023
710	0.000617988538950508
720	0.0006179885389500106
707	0.0006179885389499225
717	0.0006179885389497151
671	0.0006164618772225843
673	0.0006164618772225542
676	0.0006164618772217492
681	0.00061646187722169
689	0.0006164618772214962
679	0.0006164618772213946
685	0.000616461877221323
701	0.0006164618772210949
669	0.0006164618772210925
698	0.0006164618772209607
692	0.0006164618772209357
695	0.0006164618772209157
687	0.000616461877220908
684	0.0006164618772208845
694	0.0006164618772208567
668	0.000616461877220768
700	0.0006164618772207224
675	0.0006164618772207113
697	0.0006164618772206919
699	0.0006164618772206694
677	0.0006164618772206473
691	0.0006164618772205189
696	0.0006164618772205105
667	0.0006164618772204865
688	0.0006164618772204835
690	0.0006164618772204747
702	0.0006164618772204719
683	0.0006164618772203784
693	0.0006164618772203338
682	0.0006164618772203274
678	0.0006164618772201493
686	0.0006164618772198173
680	0.0006164618772197822
670	0.0006164618772196319
674	0.0006164618772195988
672	0.000616461877218656
637	0.000614829367244074
634	0.0006148293672436393
632	0.0006148293672436049
646	0.0006148293672435095
631	0.0006148293672433009
643	0.0006148293672432409
649	0.0006148293672432102
655	0.0006148293672426717
651	0.0006148293672426597
640	0.0006148293672425876
662	0.0006148293672425552
659	0.0006148293672424445
664	0.0006148293672423987
639	0.0006148293672423909
653	0.0006148293672423883
658	0.0006148293672423635
647	0.0006148293672423252
665	0.0006148293672422848
636	0.0006148293672422784
642	0.0006148293672422566
661	0.0006148293672422465
656	0.0006148293672421318
650	0.0006148293672420529
663	0.0006148293672419526
657	0.0006148293672419142
660	0.0006148293672418982
654	0.0006148293672418441
645	0.0006148293672415564
644	0.000614829367241546
652	0.0006148293672414838
641	0.0006148293672413524
638	0.0006148293672412594
635	0.0006148293672411738
648	0.0006148293672409589
633	0.000614829367240376
596	0.0006130819517924652
600	0.0006130819517917429
614	0.0006130819517914355
607	0.0006130819517912495
606	0.0006130819517912336
604	0.0006130819517909758
598	0.000613081951790918
602	0.0006130819517908747
618	0.0006130819517908505
610	0.0006130819517907998
626	0.0006130819517907824
603	0.000613081951790657
613	0.0006130819517906497
628	0.0006130819517905632
624	0.0006130819517905132
620	0.0006130819517904481
622	0.0006130819517904126
616	0.000613081951790395
623	0.0006130819517903629
629	0.0006130819517903374
621	0.0006130819517902852
619	0.0006130819517901582
615	0.0006130819517901335
627	0.0006130819517900501
625	0.0006130819517900314
611	0.0006130819517899983
609	0.0006130819517899606
601	0.0006130819517899155
617	0.0006130819517898661
612	0.0006130819517894118
608	0.0006130819517892786
599	0.0006130819517892447
605	0.0006130819517891466
597	0.0006130819517883762
563	0.0006112095930408802
568	0.0006112095930406292
578	0.0006112095930403346
564	0.0006112095930403302
571	0.0006112095930402214
577	0.0006112095930401464
587	0.0006112095930400391
580	0.0006112095930399938
590	0.0006112095930399369
562	0.0006112095930398703
569	0.0006112095930398606
574	0.000611209593039798
584	0.0006112095930397973
573	0.0006112095930397831
589	0.0006112095930396405
585	0.00061120959303964
582	0.000611209593039629
593	0.0006112095930395728
583	0.0006112095930394816
575	0.0006112095930394201
581	0.0006112095930393894
588	0.0006112095930393305
591	0.0006112095930393229
592	0.0006112095930392857
594	0.0006112095930392697
576	0.0006112095930389097
567	0.0006112095930388176
565	0.0006112095930387548
570	0.0006112095930386843
566	0.0006112095930386198
572	0.000611209593038617
586	0.0006112095930386121
579	0.0006112095930382154
542	0.0006092011408268433
540	0.0006092011408264835
550	0.0006092011408259155
530	0.0006092011408256672
529	0.0006092011408255567
546	0.0006092011408255051
544	0.0006092011408254985
557	0.0006092011408254792
548	0.0006092011408254568
538	0.0006092011408254501
555	0.0006092011408254319
534	0.0006092011408254238
536	0.0006092011408253623
553	0.0006092011408253078
554	0.0006092011408252881
559	0.0006092011408252552
533	0.0006092011408252405
560	0.0006092011408252394
558	0.0006092011408252062
552	0.0006092011408251245
537	0.0006092011408251068
551	0.0006092011408250368
535	0.0006092011408250365
532	0.0006092011408250222
556	0.0006092011408249142
549	0.0006092011408247679
545	0.0006092011408246374
547	0.0006092011408245989
539	0.0006092011408244244
543	0.0006092011408242181
531	0.0006092011408241347
541	0.0006092011408238045
509	0.0006070441794340961
505	0.000607044179433925
503	0.0006070441794337601
516	0.0006070441794334782
506	0.0006070441794334448
517	0.000607044179433397
522	0.0006070441794333546
525	0.0006070441794333541
521	0.0006070441794333453
513	0.000607044179433344
499	0.0006070441794332409
511	0.0006070441794332097
524	0.0006070441794331496
527	0.0006070441794331029
519	0.0006070441794330742
515	0.0006070441794330732
514	0.0006070441794330519
526	0.0006070441794330223
498	0.0006070441794329341
497	0.0006070441794328844
523	0.0006070441794328838
510	0.0006070441794328785
520	0.0006070441794328549
501	0.0006070441794328177
518	0.000607044179432723
508	0.000607044179432606
502	0.0006070441794325938
512	0.0006070441794325427
500	0.0006070441794325306
507	0.0006070441794323399
504	0.000607044179431764
470	0.0006047248487369401
468	0.0006047248487361828
475	0.0006047248487351139
467	0.0006047248487350769
482	0.0006047248487349586
486	0.0006047248487345864
488	0.0006047248487344118
483	0.0006047248487343967
492	0.0006047248487343793
495	0.0006047248487343134
474	0.0006047248487341924
480	0.0006047248487341668
485	0.0006047248487340832
479	0.0006047248487340688
490	0.0006047248487340406
489	0.0006047248487340165
493	0.000604724848733979
477	0.0006047248487339777
476	0.0006047248487339164
494	0.0006047248487339079
471	0.0006047248487336667
478	0.0006047248487334865
491	0.000604724848733486
487	0.000604724848733409
473	0.0006047248487333831
481	0.0006047248487332595
472	0.0006047248487330781
484	0.0006047248487328038
466	0.000604724848732778
469	0.0006047248487306112
446	0.0006022276345616042
436	0.0006022276345615744
440	0.0006022276345615603
443	0.0006022276345615108
450	0.0006022276345614646
455	0.0006022276345608916
438	0.0006022276345608026
460	0.0006022276345607219
453	0.0006022276345606539
463	0.0006022276345606311
457	0.0006022276345605992
458	0.000602227634560578
447	0.000602227634560518
461	0.0006022276345603838
464	0.0006022276345603619
441	0.0006022276345603354
437	0.000602227634560294
451	0.0006022276345602754
459	0.0006022276345601882
452	0.0006022276345600831
454	0.000602227634560067
462	0.0006022276345600558
456	0.0006022276345599371
445	0.0006022276345598369
449	0.0006022276345598177
442	0.0006022276345597624
444	0.0006022276345596635
439	0.0006022276345593927
448	0.0006022276345593697
410	0.00059953512200745
408	0.0005995351220073108
417	0.0005995351220072222
407	0.0005995351220069106
419	0.0005995351220069017
423	0.0005995351220068346
414	0.0005995351220067438
421	0.0005995351220066271
411	0.0005995351220065672
425	0.0005995351220065042
430	0.0005995351220063419
428	0.0005995351220063012
433	0.000599535122006213
432	0.0005995351220061067
427	0.0005995351220060536
431	0.0005995351220060326
413	0.0005995351220059878
429	0.0005995351220059081
424	0.0005995351220058418
434	0.0005995351220058263
422	0.0005995351220056921
416	0.0005995351220056711
426	0.000599535122005671
412	0.00059953512200565
415	0.0005995351220056422
418	0.000599535122005514
420	0.0005995351220048806
409	0.0005995351220043578
388	0.0005966277038148366
383	0.0005966277038143101
392	0.0005966277038142977
396	0.0005966277038142491
400	0.0005966277038142464
381	0.0005966277038142004
402	0.0005966277038141978
380	0.0005966277038139336
404	0.0005966277038136716
390	0.0005966277038136173
395	0.0005966277038136152
398	0.0005966277038135653
394	0.0005966277038135632
385	0.0005966277038134979
405	0.000596627703813446
386	0.0005966277038134
387	0.0005966277038133886
397	0.000596627703813285
403	0.0005966277038132593
391	0.0005966277038132453
399	0.0005966277038131141
401	0.0005966277038127751
393	0.000596627703812655
384	0.0005966277038126502
389	0.0005966277038121806
379	0.0005966277038120649
382	0.0005966277038120437
368	0.0005934832340771346
361	0.0005934832340768171
364	0.0005934832340767539
352	0.0005934832340766683
354	0.0005934832340764383
377	0.0005934832340764141
372	0.0005934832340763972
371	0.0005934832340763024
358	0.0005934832340762625
365	0.0005934832340761199
360	0.0005934832340759872
356	0.0005934832340759457
375	0.0005934832340759247
374	0.0005934832340759129
373	0.0005934832340758209
376	0.0005934832340756782
357	0.0005934832340755959
353	0.0005934832340755957
367	0.0005934832340755418
369	0.0005934832340754631
355	0.0005934832340754456
363	0.0005934832340753716
370	0.0005934832340753029
366	0.0005934832340752772
362	0.0005934832340751711
359	0.0005934832340746617
346	0.0005900766149662568
334	0.0005900766149662105
338	0.0005900766149661167
332	0.0005900766149659654
330	0.0005900766149658986
349	0.0005900766149657562
343	0.0005900766149657226
337	0.0005900766149656708
328	0.0005900766149656637
342	0.0005900766149656107
331	0.0005900766149655876
341	0.000590076614965545
326	0.0005900766149654189
339	0.0005900766149653774
350	0.0005900766149653431
345	0.0005900766149653331
347	0.0005900766149653042
340	0.0005900766149652964
335	0.0005900766149651513
329	0.0005900766149651141
348	0.0005900766149650849
327	0.0005900766149648034
344	0.0005900766149647723
336	0.0005900766149646928
333	0.0005900766149642663
303	0.0005863793009620031
312	0.0005863793009605762
305	0.0005863793009602567
307	0.0005863793009601537
301	0.0005863793009600737
315	0.000586379300959789
309	0.0005863793009597151
311	0.0005863793009596804
322	0.0005863793009595782
321	0.0005863793009595543
318	0.0005863793009595437
324	0.0005863793009595114
319	0.000586379300959498
308	0.0005863793009593857
316	0.0005863793009592958
320	0.0005863793009592616
313	0.0005863793009591154
323	0.0005863793009590619
317	0.0005863793009590243
306	0.0005863793009588401
314	0.0005863793009587983
304	0.0005863793009579417
310	0.0005863793009579237
302	0.0005863793009575225
285	0.0005823587007815918
282	0.0005823587007813169
289	0.0005823587007810251
288	0.0005823587007809002
279	0.0005823587007808662
298	0.0005823587007808277
294	0.0005823587007807874
292	0.0005823587007806686
291	0.00058235870078053
278	0.0005823587007804977
293	0.0005823587007804648
296	0.0005823587007803523
297	0.0005823587007802403
299	0.0005823587007801787
284	0.0005823587007801782
287	0.0005823587007800196
283	0.0005823587007799675
295	0.0005823587007798874
280	0.0005823587007797051
286	0.0005823587007796761
281	0.00058235870077928
290	0.0005823587007787026
277	0.0005823587007785058
257	0.000577977451672892
255	0.0005779774516716736
264	0.0005779774516706544
261	0.000577977451670588
268	0.0005779774516704028
266	0.0005779774516703784
273	0.0005779774516703471
269	0.0005779774516703185
274	0.0005779774516702347
267	0.0005779774516701421
275	0.0005779774516700389
272	0.0005779774516700187
270	0.0005779774516699685
262	0.0005779774516699394
263	0.0005779774516698158
260	0.0005779774516697844
265	0.0005779774516695852
271	0.0005779774516692437
259	0.0005779774516689591
254	0.0005779774516685279
256	0.0005779774516685081
258	0.0005779774516685064
239	0.0005731925331607104
247	0.0005731925331599895
251	0.0005731925331599072
236	0.0005731925331598978
235	0.0005731925331598368
245	0.0005731925331598179
232	0.0005731925331598082
250	0.000573192533159597
244	0.0005731925331595788
242	0.0005731925331595351
233	0.0005731925331594971
243	0.0005731925331594231
249	0.0005731925331593448
237	0.0005731925331592128
246	0.0005731925331592118
241	0.0005731925331591977
252	0.0005731925331591901
238	0.0005731925331589693
248	0.0005731925331588649
240	0.0005731925331586994
234	0.0005731925331581356
212	0.0005679541775106157
214	0.0005679541775105083
216	0.0005679541775104661
224	0.0005679541775103161
230	0.00056795417751012
220	0.0005679541775101024
219	0.0005679541775100193
228	0.0005679541775099105
215	0.0005679541775098729
218	0.0005679541775098512
226	0.0005679541775098321
222	0.0005679541775097824
225	0.0005679541775096858
227	0.0005679541775096345
229	0.000567954177509255
221	0.0005679541775091213
217	0.0005679541775089577
223	0.000567954177508929
213	0.0005679541775089187
211	0.0005679541775085098
194	0.0005622045204282418
201	0.0005622045204278811
206	0.0005622045204275825
199	0.0005622045204275473
196	0.0005622045204274521
192	0.0005622045204274337
204	0.0005622045204273832
193	0.0005622045204272835
202	0.0005622045204272208
207	0.0005622045204271675
209	0.0005622045204271494
195	0.0005622045204270814
200	0.0005622045204270154
197	0.0005622045204268559
203	0.0005622045204267724
208	0.0005622045204265459
205	0.0005622045204263479
198	0.0005622045204261373
191	0.0005622045204258954
180	0.000555875917068437
174	0.000555875917068343
173	0.0005558759170680775
184	0.0005558759170680647
186	0.0005558759170680521
182	0.0005558759170679067
178	0.0005558759170678988
189	0.0005558759170678586
183	0.0005558759170676489
187	0.0005558759170676358
172	0.0005558759170675175
175	0.0005558759170673646
176	0.0005558759170671498
179	0.0005558759170671032
177	0.0005558759170670906
181	0.0005558759170670425
188	0.0005558759170669148
185	0.0005558759170668429
155	0.0005488888225857732
160	0.0005488888225857628
157	0.0005488888225855581
167	0.0005488888225854902
162	0.0005488888225854675
165	0.0005488888225849773
170	0.0005488888225849764
169	0.0005488888225848851
158	0.0005488888225848445
161	0.0005488888225846659
164	0.0005488888225845884
168	0.0005488888225845489
166	0.0005488888225844695
156	0.0005488888225843804
163	0.0005488888225842822
159	0.0005488888225842506
154	0.0005488888225828328
137	0.0005411491002877744
141	0.0005411491002869234
143	0.0005411491002869019
145	0.0005411491002867406
152	0.0005411491002863561
147	0.0005411491002863431
150	0.0005411491002863129
139	0.0005411491002862565
151	0.0005411491002861471
148	0.0005411491002860881
149	0.0005411491002860686
144	0.0005411491002860117
142	0.00054114910028577
140	0.0005411491002853947
146	0.000541149100285304
138	0.0005411491002845167
124	0.000532544568987025
127	0.0005325445689867569
131	0.0005325445689865314
132	0.0005325445689862307
125	0.0005325445689861669
126	0.0005325445689861533
133	0.0005325445689861199
135	0.0005325445689859757
134	0.0005325445689859555
122	0.0005325445689859304
128	0.0005325445689859072
121	0.0005325445689858149
129	0.0005325445689856173
130	0.0005325445689855461
123	0.0005325445689854249
107	0.0005229405268450982
118	0.0005229405268448249
106	0.0005229405268446202
115	0.0005229405268445364
111	0.0005229405268444217
112	0.0005229405268443604
110	0.0005229405268442787
114	0.0005229405268442484
119	0.000522940526844169
117	0.0005229405268441624
116	0.0005229405268441186
113	0.0005229405268441044
109	0.0005229405268439989
108	0.0005229405268439568
101	0.0005121738799717532
97	0.0005121738799715786
95	0.0005121738799714456
93	0.0005121738799711875
104	0.000512173879971079
103	0.0005121738799710319
99	0.0005121738799709831
102	0.0005121738799709429
96	0.0005121738799709374
94	0.0005121738799709283
92	0.0005121738799708468
100	0.0005121738799707869
98	0.0005121738799707537
81	0.0005000453414808221
85	0.0005000453414806152
83	0.0005000453414803041
88	0.0005000453414802835
90	0.0005000453414800969
87	0.0005000453414798981
82	0.0005000453414798148
86	0.0005000453414798122
89	0.0005000453414796017
84	0.0005000453414793508
80	0.0005000453414793409
79	0.0005000453414792623
70	0.000486308919384822
77	0.00048630891938410126
73	0.0004863089193840781
74	0.0004863089193838707
76	0.00048630891938386333
71	0.0004863089193838227
75	0.00048630891938376364
69	0.0004863089193836699
72	0.00048630891938366297
67	0.0004863089193833889
68	0.00048630891938327
58	0.00047065752785193195
56	0.0004706575278519102
62	0.0004706575278515069
65	0.0004706575278514024
61	0.0004706575278513559
60	0.0004706575278511164
63	0.000470657527851114
64	0.0004706575278510635
59	0.0004706575278508475
57	0.00047065752785045316
48	0.0004527029464725672
46	0.0004527029464724532
51	0.0004527029464718718
53	0.00045270294647179474
50	0.00045270294647177544
52	0.0004527029464715417
54	0.0004527029464712707
49	0.00045270294647104485
47	0.0004527029464701283
44	0.00043194735825470185
40	0.00043194735825468646
43	0.00043194735825462536
39	0.00043194735825462206
41	0.00043194735825462065
42	0.00043194735825441676
38	0.000431947358254336
37	0.00043194735825399235
30	0.00040774203004109515
35	0.0004077420300408594
33	0.00040774203004066115
34	0.00040774203004055555
32	0.0004077420300405325
29	0.0004077420300405089
31	0.00040774203004039443
23	0.00037922581126915116
24	0.0003792258112690173
26	0.0003792258112690101
25	0.0003792258112687682
27	0.00037922581126857257
22	0.0003792258112682605
16	0.00034523093738135984
19	0.0003452309373810574
20	0.00034523093738090806
17	0.0003452309373808922
18	0.0003452309373803852
11	0.0003041338956637927
12	0.0003041338956637243
13	0.00030413389566352994
14	0.00030413389566351763
7	0.00025360995869953297
8	0.0002536099586991777
9	0.00025360995869905137
5	0.00019021004650271846
4	0.0001902100465027113
2	0.00010858932496250192
