1	0.0032258064516128937
2	0.0032258064516128937
3	0.0032258064516128937
4	0.0032258064516128937
5	0.0032258064516128937
6	0.0032258064516128937
7	0.0032258064516128937
8	0.0032258064516128937
9	0.0032258064516128937
10	0.0032258064516128937
11	0.0032258064516128937
12	0.0032258064516128937
13	0.0032258064516128937
14	0.0032258064516128937
15	0.0032258064516128937
16	0.0032258064516128937
17	0.0032258064516128937
18	0.0032258064516128937
19	0.0032258064516128937
20	0.0032258064516128937
21	0.0032258064516128937
22	0.0032258064516128937
23	0.0032258064516128937
24	0.0032258064516128937
25	0.0032258064516128937
26	0.0032258064516128937
27	0.0032258064516128937
28	0.0032258064516128937
29	0.0032258064516128937
30	0.0032258064516128937
31	0.0032258064516128937
32	0.0032258064516128937
33	0.0032258064516128937
34	0.0032258064516128937
35	0.0032258064516128937
36	0.0032258064516128937
37	0.0032258064516128937
38	0.0032258064516128937
39	0.0032258064516128937
40	0.0032258064516128937
41	0.0032258064516128937
42	0.0032258064516128937
43	0.0032258064516128937
44	0.0032258064516128937
45	0.0032258064516128937
46	0.0032258064516128937
47	0.0032258064516128937
48	0.0032258064516128937
49	0.0032258064516128937
50	0.0032258064516128937
51	0.0032258064516128937
52	0.0032258064516128937
53	0.0032258064516128937
54	0.0032258064516128937
55	0.0032258064516128937
56	0.0032258064516128937
57	0.0032258064516128937
58	0.0032258064516128937
59	0.0032258064516128937
60	0.0032258064516128937
61	0.0032258064516128937
62	0.0032258064516128937
63	0.0032258064516128937
64	0.0032258064516128937
65	0.0032258064516128937
66	0.0032258064516128937
67	0.0032258064516128937
68	0.0032258064516128937
69	0.0032258064516128937
70	0.0032258064516128937
71	0.0032258064516128937
72	0.0032258064516128937
73	0.0032258064516128937
74	0.0032258064516128937
75	0.0032258064516128937
76	0.0032258064516128937
77	0.0032258064516128937
78	0.0032258064516128937
79	0.0032258064516128937
80	0.0032258064516128937
81	0.0032258064516128937
82	0.0032258064516128937
83	0.0032258064516128937
84	0.0032258064516128937
85	0.0032258064516128937
86	0.0032258064516128937
87	0.0032258064516128937
88	0.0032258064516128937
89	0.0032258064516128937
90	0.0032258064516128937
91	0.0032258064516128937
92	0.0032258064516128937
93	0.0032258064516128937
94	0.0032258064516128937
95	0.0032258064516128937
96	0.0032258064516128937
97	0.0032258064516128937
98	0.0032258064516128937
99	0.0032258064516128937
100	0.0032258064516128937
101	0.0032258064516128937
102	0.0032258064516128937
103	0.0032258064516128937
104	0.0032258064516128937
105	0.0032258064516128937
106	0.0032258064516128937
107	0.0032258064516128937
108	0.0032258064516128937
109	0.0032258064516128937
110	0.0032258064516128937
111	0.0032258064516128937
112	0.0032258064516128937
113	0.0032258064516128937
114	0.0032258064516128937
115	0.0032258064516128937
116	0.0032258064516128937
117	0.0032258064516128937
118	0.0032258064516128937
119	0.0032258064516128937
120	0.0032258064516128937
121	0.0032258064516128937
122	0.0032258064516128937
123	0.0032258064516128937
124	0.0032258064516128937
125	0.0032258064516128937
126	0.0032258064516128937
127	0.0032258064516128937
128	0.0032258064516128937
129	0.0032258064516128937
130	0.0032258064516128937
131	0.0032258064516128937
132	0.0032258064516128937
133	0.0032258064516128937
134	0.0032258064516128937
135	0.0032258064516128937
136	0.0032258064516128937
137	0.0032258064516128937
138	0.0032258064516128937
139	0.0032258064516128937
140	0.0032258064516128937
141	0.0032258064516128937
142	0.0032258064516128937
143	0.0032258064516128937
144	0.0032258064516128937
145	0.0032258064516128937
146	0.0032258064516128937
147	0.0032258064516128937
148	0.0032258064516128937
149	0.0032258064516128937
150	0.0032258064516128937
151	0.0032258064516128937
152	0.0032258064516128937
153	0.0032258064516128937
154	0.0032258064516128937
155	0.0032258064516128937
156	0.0032258064516128937
157	0.0032258064516128937
158	0.0032258064516128937
159	0.0032258064516128937
160	0.0032258064516128937
161	0.0032258064516128937
162	0.0032258064516128937
163	0.0032258064516128937
164	0.0032258064516128937
165	0.0032258064516128937
166	0.0032258064516128937
167	0.0032258064516128937
168	0.0032258064516128937
169	0.0032258064516128937
170	0.0032258064516128937
171	0.0032258064516128937
172	0.0032258064516128937
173	0.0032258064516128937
174	0.0032258064516128937
175	0.0032258064516128937
176	0.0032258064516128937
177	0.0032258064516128937
178	0.0032258064516128937
179	0.0032258064516128937
180	0.0032258064516128937
181	0.0032258064516128937
182	0.0032258064516128937
183	0.0032258064516128937
184	0.0032258064516128937
185	0.0032258064516128937
186	0.0032258064516128937
187	0.0032258064516128937
188	0.0032258064516128937
189	0.0032258064516128937
190	0.0032258064516128937
191	0.0032258064516128937
192	0.0032258064516128937
193	0.0032258064516128937
194	0.0032258064516128937
195	0.0032258064516128937
196	0.0032258064516128937
197	0.0032258064516128937
198	0.0032258064516128937
199	0.0032258064516128937
200	0.0032258064516128937
201	0.0032258064516128937
202	0.0032258064516128937
203	0.0032258064516128937
204	0.0032258064516128937
205	0.0032258064516128937
206	0.0032258064516128937
207	0.0032258064516128937
208	0.0032258064516128937
209	0.0032258064516128937
210	0.0032258064516128937
211	0.0032258064516128937
212	0.0032258064516128937
213	0.0032258064516128937
214	0.0032258064516128937
215	0.0032258064516128937
216	0.0032258064516128937
217	0.0032258064516128937
218	0.0032258064516128937
219	0.0032258064516128937
220	0.0032258064516128937
221	0.0032258064516128937
222	0.0032258064516128937
223	0.0032258064516128937
224	0.0032258064516128937
225	0.0032258064516128937
226	0.0032258064516128937
227	0.0032258064516128937
228	0.0032258064516128937
229	0.0032258064516128937
230	0.0032258064516128937
231	0.0032258064516128937
232	0.0032258064516128937
233	0.0032258064516128937
234	0.0032258064516128937
235	0.0032258064516128937
236	0.0032258064516128937
237	0.0032258064516128937
238	0.0032258064516128937
239	0.0032258064516128937
240	0.0032258064516128937
241	0.0032258064516128937
242	0.0032258064516128937
243	0.0032258064516128937
244	0.0032258064516128937
245	0.0032258064516128937
246	0.0032258064516128937
247	0.0032258064516128937
248	0.0032258064516128937
249	0.0032258064516128937
250	0.0032258064516128937
251	0.0032258064516128937
252	0.0032258064516128937
253	0.0032258064516128937
254	0.0032258064516128937
255	0.0032258064516128937
256	0.0032258064516128937
257	0.0032258064516128937
258	0.0032258064516128937
259	0.0032258064516128937
260	0.0032258064516128937
261	0.0032258064516128937
262	0.0032258064516128937
263	0.0032258064516128937
264	0.0032258064516128937
265	0.0032258064516128937
266	0.0032258064516128937
267	0.0032258064516128937
268	0.0032258064516128937
269	0.0032258064516128937
270	0.0032258064516128937
271	0.0032258064516128937
272	0.0032258064516128937
273	0.0032258064516128937
274	0.0032258064516128937
275	0.0032258064516128937
276	0.0032258064516128937
277	0.0032258064516128937
278	0.0032258064516128937
279	0.0032258064516128937
280	0.0032258064516128937
281	0.0032258064516128937
282	0.0032258064516128937
283	0.0032258064516128937
284	0.0032258064516128937
285	0.0032258064516128937
286	0.0032258064516128937
287	0.0032258064516128937
288	0.0032258064516128937
289	0.0032258064516128937
290	0.0032258064516128937
291	0.0032258064516128937
292	0.0032258064516128937
293	0.0032258064516128937
294	0.0032258064516128937
295	0.0032258064516128937
296	0.0032258064516128937
297	0.0032258064516128937
298	0.0032258064516128937
299	0.0032258064516128937
300	0.0032258064516128937
301	0.0032258064516128937
302	0.0032258064516128937
303	0.0032258064516128937
304	0.0032258064516128937
305	0.0032258064516128937
306	0.0032258064516128937
307	0.0032258064516128937
308	0.0032258064516128937
309	0.0032258064516128937
310	0.0032258064516128937
