1	6.248239989639637e-12
2	1.2819202622159354e-13
3	6.387197411597545e-12
4	2.638019739719527e-13
5	2.638423333978235e-13
6	6.535303114646451e-12
7	4.08748284785182e-13
8	4.0844622605992753e-13
9	4.083195912461812e-13
10	6.6940090623357484e-12
11	5.635539235791798e-13
12	5.634097246902392e-13
13	5.63929599631946e-13
14	5.632785904374771e-13
15	6.8664865460199564e-12
16	7.326169835716878e-13
17	7.315256798749725e-13
18	7.322926987018974e-13
19	7.320221902598623e-13
20	7.321348930756921e-13
21	7.057433847393324e-12
22	9.178961844075184e-13
23	9.187565530414943e-13
24	9.186128420435313e-13
25	9.182641084147514e-13
26	9.186622816625967e-13
27	9.186748584077975e-13
28	7.280840643927866e-12
29	1.1360898116360985e-12
30	1.135568744072002e-12
31	1.13532490700341e-12
32	1.1366477420740595e-12
33	1.1351363642456147e-12
34	1.1357970770495274e-12
35	1.1357374459300407e-12
36	7.563535518381737e-12
37	1.409998636944798e-12
38	1.409148405601135e-12
39	1.4091890631826032e-12
40	1.4092927129102928e-12
41	1.4093701249454083e-12
42	1.4092357922962373e-12
43	1.4092764498777055e-12
44	1.4094268287190292e-12
45	7.940385545260331e-12
46	1.7732778136506089e-12
47	1.7722684214280249e-12
48	1.772874815703096e-12
49	1.7734984487927097e-12
50	1.7729803085744789e-12
51	1.7726923444774667e-12
52	1.772327402026208e-12
53	1.7733715971385289e-12
54	1.7730991371325833e-12
55	8.4436966966972e-12
56	2.2588811246851415e-12
57	2.2590273835582098e-12
58	2.2577649385485676e-12
59	2.25999199823107e-12
60	2.2583865116540536e-12
61	2.258369164419294e-12
62	2.2593251054747743e-12
63	2.2591336353711133e-12
64	2.2586166877752722e-12
65	2.258681523065187e-12
66	9.089382458499218e-12
67	2.884138782834056e-12
68	2.8846882564950715e-12
69	2.883755842626734e-12
70	2.8836610833568588e-12
71	2.884233867364583e-12
72	2.8838193768740417e-12
73	2.8842397220563143e-12
74	2.8836016690778066e-12
75	2.8837337249024153e-12
76	2.8841669720905405e-12
77	2.884067225490672e-12
78	9.872141949404667e-12
79	3.643841196658559e-12
80	3.645107436375805e-12
81	3.645426300234733e-12
82	3.644229449456526e-12
83	3.645334576730941e-12
84	3.644614124387324e-12
85	3.645371439604805e-12
86	3.645082391305621e-12
87	3.645170103261375e-12
88	3.6453571281361286e-12
89	3.644765912691472e-12
90	3.645054202049136e-12
91	1.0768607359989968e-11
92	4.519586636365924e-12
93	4.5197394004520275e-12
94	4.5205743445450586e-12
95	4.519851723797097e-12
96	4.521022553723164e-12
97	4.521152007462559e-12
98	4.519756964527222e-12
99	4.521043912505962e-12
100	4.520699244635329e-12
101	4.519683889300796e-12
102	4.521182581963823e-12
103	4.5204456497471845e-12
104	4.520606436929364e-12
105	1.1741509457416366e-11
106	5.475897187946777e-12
107	5.474483930414942e-12
108	5.474946125801072e-12
109	5.474084185073946e-12
110	5.474982229733416e-12
111	5.475638822569073e-12
112	5.474254296394809e-12
113	5.475501454153819e-12
114	5.474906877682428e-12
115	5.4753125861353724e-12
116	5.4745950611376215e-12
117	5.47498363919624e-12
118	5.475107346664121e-12
119	5.4749688940466945e-12
120	1.2746011928202461e-11
121	6.46465791055012e-12
122	6.466855046252662e-12
123	6.464488232910126e-12
124	6.464163297519032e-12
125	6.4653351032270545e-12
126	6.464915516986303e-12
127	6.465309082374915e-12
128	6.464602833079758e-12
129	6.465802069102744e-12
130	6.464089897031955e-12
131	6.4653198159764225e-12
132	6.4649490188334324e-12
133	6.464827696610331e-12
134	6.465108179712353e-12
135	6.464915733826737e-12
136	1.3736340623987653e-11
137	7.446369801149266e-12
138	7.444486758816093e-12
139	7.447221875636623e-12
140	7.443470752960257e-12
141	7.446535900922091e-12
142	7.444195000011478e-12
143	7.446066875062274e-12
144	7.445895787959456e-12
145	7.444978119240664e-12
146	7.444533054248859e-12
147	7.446177138423216e-12
148	7.445102151969196e-12
149	7.445609883846571e-12
150	7.445421774769645e-12
151	7.445457228180685e-12
152	7.445439664105491e-12
153	1.4670620404264034e-11
154	8.374829909424397e-12
155	8.374530019103488e-12
156	8.374126912735758e-12
157	8.374614370032507e-12
158	8.374608406920558e-12
159	8.375588417264268e-12
160	8.37404093550348e-12
161	8.373863776868495e-12
162	8.373971112883571e-12
163	8.375610534988587e-12
164	8.37424899390038e-12
165	8.37422416567063e-12
166	8.37543348477382e-12
167	8.374006891555263e-12
168	8.37508079380711e-12
169	8.374725609175404e-12
170	8.37443417563144e-12
171	1.5513428432492593e-11
172	9.216489442291642e-12
173	9.216496923286632e-12
174	9.217833852985524e-12
175	9.216468083508844e-12
176	9.217374910205911e-12
177	9.217088355571723e-12
178	9.217191680038761e-12
179	9.217359406114845e-12
180	9.216275854463662e-12
181	9.216808414570787e-12
182	9.216704005901577e-12
183	9.216964864944277e-12
184	9.217575487607821e-12
185	9.216346652865526e-12
186	9.216936458847358e-12
187	9.217204582044614e-12
188	9.217143866722954e-12
189	9.217001294137273e-12
190	1.6235872238659632e-11
191	9.943186139900473e-12
192	9.942952385912085e-12
193	9.943833625437881e-12
194	9.943670669851357e-12
195	9.941922719108875e-12
196	9.941939198981897e-12
197	9.944150537732899e-12
198	9.943882197695209e-12
199	9.942556435278693e-12
200	9.942485962137482e-12
201	9.944044394340212e-12
202	9.942813716454224e-12
203	9.943105908939709e-12
204	9.942824558475949e-12
205	9.943439734788617e-12
206	9.943264310877109e-12
207	9.9430637334752e-12
208	9.943373490035878e-12
209	9.942900777888675e-12
210	1.6816959933982356e-11
211	1.0532393750553593e-11
212	1.0530273159524428e-11
213	1.0532867004801882e-11
214	1.0529021664956728e-11
215	1.0533234983019224e-11
216	1.0530854617149532e-11
217	1.0532146227197614e-11
218	1.0530416816312282e-11
219	1.0531096611074431e-11
220	1.0531787139438087e-11
221	1.053212313369134e-11
222	1.053099025084131e-11
223	1.0530433404605521e-11
224	1.0532312435390656e-11
225	1.053135551855322e-11
226	1.0531497657458033e-11
227	1.0531462854568296e-11
228	1.0532071417247713e-11
229	1.0531009441219763e-11
230	1.0531478792340232e-11
231	1.7243869093047648e-11
232	1.0969196146022597e-11
233	1.096858920964644e-11
234	1.0968455310678138e-11
235	1.096796384183335e-11
236	1.0969776194184877e-11
237	1.096841270153276e-11
238	1.0967795031555094e-11
239	1.0967823762912665e-11
240	1.0969970483214186e-11
241	1.0968745443179495e-11
242	1.0967758277101447e-11
243	1.0967703850152388e-11
244	1.096990098585493e-11
245	1.0967605838275996e-11
246	1.0968723650715828e-11
247	1.096838624699975e-11
248	1.0968499004025689e-11
249	1.0967835255455693e-11
250	1.0969327009224816e-11
251	1.096818610327871e-11
252	1.0968481873631364e-11
253	1.7508815361097496e-11
254	1.1246212186337423e-11
255	1.1247017640131363e-11
256	1.1245163003895109e-11
257	1.1245406732543484e-11
258	1.1245906875005651e-11
259	1.1245484469839251e-11
260	1.1245832498736619e-11
261	1.1245663688458363e-11
262	1.1245877493126777e-11
263	1.1247062092420435e-11
264	1.1243948263781056e-11
265	1.1245197915205063e-11
266	1.1246834626804647e-11
267	1.1244946705561698e-11
268	1.1246436724607345e-11
269	1.124568309567725e-11
270	1.1245934305320615e-11
271	1.1245745328881951e-11
272	1.1245720500652201e-11
273	1.1245650678032293e-11
274	1.1245769831851049e-11
275	1.1246035461383308e-11
276	1.7610036042239874e-11
277	1.1358758660214019e-11
278	1.1361978198565215e-11
279	1.1360603863891372e-11
280	1.135909909969618e-11
281	1.136115995118564e-11
282	1.136266677536496e-11
283	1.1360452834528745e-11
284	1.1361557202861639e-11
285	1.136032771759804e-11
286	1.1361065734016851e-11
287	1.1360645063573926e-11
288	1.1360629451062643e-11
289	1.1361524243115595e-11
290	1.1360729739763598e-11
291	1.1361250698907477e-11
292	1.1361062698250768e-11
293	1.1360103070907901e-11
294	1.1360853338811261e-11
295	1.1360743292290754e-11
296	1.1361159192244119e-11
297	1.1360759121642472e-11
298	1.1360765410015072e-11
299	1.1360952434889826e-11
300	1.7549708864958435e-11
301	1.1311971541763666e-11
302	1.1315917170309775e-11
303	1.131564037349514e-11
304	1.1315153133038824e-11
305	1.13156269293882e-11
306	1.1315645143984698e-11
307	1.1313551766430063e-11
308	1.1316604012386045e-11
309	1.1314961229254294e-11
310	1.1314384325278315e-11
311	1.13150366897255e-11
312	1.1315848865572908e-11
313	1.1314917861167395e-11
314	1.1316619408056894e-11
315	1.1314199468807906e-11
316	1.131526719110737e-11
317	1.1314985190122306e-11
318	1.1314491227612522e-11
319	1.1316125987648196e-11
320	1.1314991478494907e-11
321	1.1314876336224189e-11
322	1.131518522542313e-11
323	1.1315534880623757e-11
324	1.1315122124856691e-11
325	1.7334841678415258e-11
326	1.1115411434163558e-11
327	1.1115511614444296e-11
328	1.1114910966440739e-11
329	1.1116539329683595e-11
330	1.1114761997062239e-11
331	1.1114730338358803e-11
332	1.1115209880979693e-11
333	1.1115732032745962e-11
334	1.1115719022319892e-11
335	1.111581725103672e-11
336	1.1115490689342367e-11
337	1.1115459247479365e-11
338	1.1115240238640522e-11
339	1.1115228420836842e-11
340	1.1115230263980536e-11
341	1.1115093871347237e-11
342	1.1115637707156956e-11
343	1.1114982090103254e-11
344	1.111535581459211e-11
345	1.1115282197264598e-11
346	1.1115081294602036e-11
347	1.111569625407427e-11
348	1.1115537960557087e-11
349	1.111532350536737e-11
350	1.1115264199508534e-11
351	1.6972856713842743e-11
352	1.0767219472788969e-11
353	1.0770039048958735e-11
354	1.0767664212520123e-11
355	1.0768063307339815e-11
356	1.0768091605016517e-11
357	1.0769196732290931e-11
358	1.0768502734480323e-11
359	1.0767403245057205e-11
360	1.0768736271628276e-11
361	1.0768830488797065e-11
362	1.0768203928361586e-11
363	1.0768854015984208e-11
364	1.076810331439998e-11
365	1.07687345369048e-11
366	1.0768601180037585e-11
367	1.0768228106070032e-11
368	1.0768482459899698e-11
369	1.0767953694500176e-11
370	1.0768575267605662e-11
371	1.0769000491697711e-11
372	1.0767612821337147e-11
373	1.0768982602361865e-11
374	1.0768380544895484e-11
375	1.076833576734576e-11
376	1.0768227130288077e-11
377	1.0768312240158617e-11
378	1.6474120461892894e-11
379	1.028468445390257e-11
380	1.0284153520098704e-11
381	1.0283957279505485e-11
382	1.0285365874967978e-11
383	1.0283419298387497e-11
384	1.0283945678542239e-11
385	1.0284208380728632e-11
386	1.0284042389376025e-11
387	1.0285382571681434e-11
388	1.0284269204470509e-11
389	1.0283827717345873e-11
390	1.0285346034068221e-11
391	1.028301846884433e-11
392	1.02850158945067e-11
393	1.0283033647674744e-11
394	1.0284879827134052e-11
395	1.0284436171605071e-11
396	1.0284260964533998e-11
397	1.0284448314669403e-11
398	1.0283596999123568e-11
399	1.0284224860601654e-11
400	1.0284510222613452e-11
401	1.028414582226328e-11
402	1.0284530714034512e-11
403	1.028391727244532e-11
404	1.0284177697807151e-11
405	1.0284215428042753e-11
406	1.5849749464280638e-11
407	9.674190159895957e-12
408	9.67349811364926e-12
409	9.67491115434066e-12
410	9.673313148758633e-12
411	9.674213144982013e-12
412	9.673463310759522e-12
413	9.673003500618171e-12
414	9.67482365922534e-12
415	9.673887125388747e-12
416	9.673105090361733e-12
417	9.673803750241683e-12
418	9.674681954001396e-12
419	9.673235411462866e-12
420	9.674166632708814e-12
421	9.673297861508001e-12
422	9.673741842297634e-12
423	9.673571080455468e-12
424	9.673814050162322e-12
425	9.673573032019378e-12
426	9.674016470707925e-12
427	9.673545710124631e-12
428	9.673838878392071e-12
429	9.673291681555618e-12
430	9.674012676000321e-12
431	9.673922687220005e-12
432	9.673400318613301e-12
433	9.673948165971058e-12
434	9.673443036178897e-12
435	1.5111701820447188e-11
436	8.949888573306364e-12
437	8.947007739713853e-12
438	8.949391575030496e-12
439	8.948993347572543e-12
440	8.948179653842092e-12
441	8.949786007780847e-12
442	8.948286773016734e-12
443	8.948582760209822e-12
444	8.949726159820925e-12
445	8.947852333206219e-12
446	8.948732054848973e-12
447	8.948976650859086e-12
448	8.948588506481336e-12
449	8.948703106650968e-12
450	8.949416403260246e-12
451	8.94771398900901e-12
452	8.94943635258022e-12
453	8.948239718642448e-12
454	8.949086588959376e-12
455	8.948804587974313e-12
456	8.948713081310955e-12
457	8.948663966952541e-12
458	8.94890281669114e-12
459	8.948439103421968e-12
460	8.948643692371916e-12
461	8.94835702931751e-12
462	8.948888830483115e-12
463	8.948273871010881e-12
464	8.948845570816433e-12
465	1.4272052940508817e-11
466	8.12136696868443e-12
467	8.121390279031138e-12
468	8.12129085769192e-12
469	8.11995349431216e-12
470	8.121717165986142e-12
471	8.120980884290807e-12
472	8.121152079813843e-12
473	8.121308530187332e-12
474	8.120910302729378e-12
475	8.120677199262294e-12
476	8.121197291044435e-12
477	8.121864834322035e-12
478	8.120958116045185e-12
479	8.12108713610371e-12
480	8.120052048289639e-12
481	8.121385291701144e-12
482	8.120790606809536e-12
483	8.12155019885158e-12
484	8.120473152413432e-12
485	8.120925047878924e-12
486	8.12113679256321e-12
487	8.121546404143976e-12
488	8.120752117632413e-12
489	8.12100245991404e-12
490	8.121049080607456e-12
491	8.120961585492137e-12
492	8.121073908837206e-12
493	8.120994219977529e-12
494	8.121193496336832e-12
495	8.121001158871433e-12
496	1.3342249831002628e-11
497	7.201650191988873e-12
498	7.2022340348587566e-12
499	7.201766743722415e-12
500	7.2018352652997164e-12
501	7.202675305142958e-12
502	7.202335841442753e-12
503	7.201580911470051e-12
504	7.202238263247229e-12
505	7.201921567792646e-12
506	7.201477803843448e-12
507	7.202348635028388e-12
508	7.202247045284826e-12
509	7.20238441370008e-12
510	7.201127064440649e-12
511	7.203577252930249e-12
512	7.200810260565849e-12
513	7.202225469661594e-12
514	7.2018239895971226e-12
515	7.201892077493555e-12
516	7.202618167688468e-12
517	7.202005593461014e-12
518	7.202208339267269e-12
519	7.201661467691467e-12
520	7.201914520478525e-12
521	7.201957129623904e-12
522	7.2020926548954645e-12
523	7.201997678785155e-12
524	7.202506494864702e-12
525	7.201830603230375e-12
526	7.202331829894715e-12
527	7.2019277477450294e-12
528	1.2334243869316364e-11
529	6.202924567218215e-12
530	6.203771220694709e-12
531	6.205016101629157e-12
532	6.20308004180975e-12
533	6.203691098154163e-12
534	6.2040373923280545e-12
535	6.2029132915156215e-12
536	6.204103962341445e-12
537	6.202961863772949e-12
538	6.204310719695738e-12
539	6.203995433703979e-12
540	6.204189722733289e-12
541	6.203218386006959e-12
542	6.202979644688578e-12
543	6.203948704590345e-12
544	6.203546140323701e-12
545	6.2030493588882685e-12
546	6.204806525349216e-12
547	6.2031461781422714e-12
548	6.20305640620239e-12
549	6.204432041918839e-12
550	6.203497242805722e-12
551	6.20284162575202e-12
552	6.203959980292939e-12
553	6.2038742199010954e-12
554	6.203578341128224e-12
555	6.203951198255342e-12
556	6.203131324572508e-12
557	6.2035846295008246e-12
558	6.2037250336821614e-12
559	6.203699121250239e-12
560	6.203578991649528e-12
561	1.1258650478920829e-11
562	5.136551774198583e-12
563	5.13650461140408e-12
564	5.135872846798173e-12
565	5.136541582698162e-12
566	5.136552858400756e-12
567	5.135923479039628e-12
568	5.137000525477775e-12
569	5.135790555853281e-12
570	5.136506562967991e-12
571	5.136530415415785e-12
572	5.135825250322801e-12
573	5.1373204735388756e-12
574	5.1355337083586194e-12
575	5.137401788701812e-12
576	5.135424312359416e-12
577	5.137345627029277e-12
578	5.135729732111405e-12
579	5.136837786731685e-12
580	5.135943645200036e-12
581	5.136631571478478e-12
582	5.13630956343325e-12
583	5.136581264497675e-12
584	5.136391203856838e-12
585	5.1361330553195694e-12
586	5.1361466078467255e-12
587	5.1365455942462e-12
588	5.136620946297188e-12
589	5.136357810429926e-12
590	5.136367459829261e-12
591	5.136304901363908e-12
592	5.1366355830265165e-12
593	5.136019973032979e-12
594	5.136577686630506e-12
595	1.012625053253835e-11
596	4.010938824995647e-12
597	4.012393065369602e-12
598	4.0102350693654865e-12
599	4.010800914479307e-12
600	4.011615150310843e-12
601	4.010681435399899e-12
602	4.011110671039986e-12
603	4.0114512189423635e-12
604	4.011710993782891e-12
605	4.010592097140886e-12
606	4.010440200416521e-12
607	4.0119929947679545e-12
608	4.0101779319109965e-12
609	4.011659602599915e-12
610	4.0111894925379254e-12
611	4.0110987448160884e-12
612	4.011051365181151e-12
613	4.010948040714113e-12
614	4.011590105240659e-12
615	4.011198925096826e-12
616	4.010563799464184e-12
617	4.011394732009177e-12
618	4.011252267843712e-12
619	4.010956714331493e-12
620	4.011157291733403e-12
621	4.0111677000742585e-12
622	4.011233511146128e-12
623	4.010937632373257e-12
624	4.011267012993258e-12
625	4.01107109766069e-12
626	4.011519415259013e-12
627	4.010825634288839e-12
628	4.01138790153549e-12
629	4.010932645043264e-12
630	8.946926099290264e-12
631	2.838986207578942e-12
632	2.837058279275828e-12
633	2.8379261831149027e-12
634	2.83801140140566e-12
635	2.8381158100748705e-12
636	2.837545953413012e-12
637	2.837923255769037e-12
638	2.8376730219076274e-12
639	2.8381436740707033e-12
640	2.8384093036029623e-12
641	2.837220042239963e-12
642	2.8374048987103717e-12
643	2.838251660607083e-12
644	2.837866551995416e-12
645	2.837723003627779e-12
646	2.837578587898404e-12
647	2.837791958885949e-12
648	2.8375730584673242e-12
649	2.838194956833462e-12
650	2.8373442918089298e-12
651	2.838234204952106e-12
652	2.8373232582867836e-12
653	2.8376722629661066e-12
654	2.838060190503422e-12
655	2.8372277400753876e-12
656	2.8383030517900587e-12
657	2.8379867900163447e-12
658	2.837504862150675e-12
659	2.83805238424778e-12
660	2.8375113673637098e-12
661	2.8381398793630996e-12
662	2.837696440674553e-12
663	2.837729075159945e-12
664	2.837894849672118e-12
665	2.8376604451624265e-12
666	7.729059579852926e-12
667	1.6257811069619876e-12
668	1.6236723337365033e-12
669	1.6249161304687787e-12
670	1.625162244361933e-12
671	1.6241684646506327e-12
672	1.6252586299350669e-12
673	1.6249390071346181e-12
674	1.6245407796766642e-12
675	1.6244840759030432e-12
676	1.6249956024880219e-12
677	1.6243310949765055e-12
678	1.624830370076935e-12
679	1.6246126622807e-12
680	1.6249240451446378e-12
681	1.6242909794961236e-12
682	1.6253461250503864e-12
683	1.6247024342205818e-12
684	1.6249378145122284e-12
685	1.6243809682764399e-12
686	1.6249785805139139e-12
687	1.6244079649105347e-12
688	1.6252165628907744e-12
689	1.6246258895472043e-12
690	1.624792856681767e-12
691	1.6247709557978829e-12
692	1.624582521460305e-12
693	1.6247146857051309e-12
694	1.6248332974228008e-12
695	1.6246639450434586e-12
696	1.6247153362264344e-12
697	1.6248004460969745e-12
698	1.624691158517988e-12
699	1.6249204672774686e-12
700	1.6246606924369411e-12
701	1.624691592198857e-12
702	1.6249469218104773e-12
703	6.481380319597885e-12
704	3.802488922691194e-13
705	3.8091892921171544e-13
706	3.808235194205367e-13
707	3.808301330537889e-13
708	3.808605991348357e-13
709	3.8070414876134606e-13
710	3.805900906928006e-13
711	3.811668862485629e-13
712	3.8024542282216744e-13
713	3.813605247565688e-13
714	3.810515271374104e-13
715	3.805211354346305e-13
716	3.8043103823409696e-13
717	3.813723425602489e-13
718	3.8066435854161584e-13
719	3.810249641841845e-13
720	3.806962340854869e-13
721	3.808420592776862e-13
722	3.8121600060697647e-13
723	3.808433603202932e-13
724	3.802506269925954e-13
725	3.809137250412875e-13
726	3.8090309985999715e-13
727	3.8090309985999715e-13
728	3.80934866983651e-13
729	3.8073602430521714e-13
730	3.8079435438209686e-13
731	3.80932264898437e-13
732	3.808473718683314e-13
733	3.809215312969294e-13
734	3.8070414876134606e-13
735	3.808420592776862e-13
736	3.808288320111819e-13
737	3.8090038935456594e-13
738	3.8060342637952216e-13
739	3.8078633128602046e-13
740	3.809302049143093e-13
741	5.211158978293828e-12
742	8.865520080211797e-13
743	8.85954504203923e-13
744	8.87638270177793e-13
745	8.85880778456194e-13
746	8.871646906688513e-13
747	8.866589103553868e-13
748	8.863693199551159e-13
749	8.87372640645534e-13
750	8.862373725507244e-13
751	8.872529447256916e-13
752	8.86628010593471e-13
753	8.863567432099151e-13
754	8.867666800513319e-13
755	8.864622360812979e-13
756	8.869908930606019e-13
757	8.868552593688239e-13
758	8.861776330110205e-13
759	8.871079868952303e-13
760	8.867135541448801e-13
761	8.866801607179675e-13
762	8.866128317630562e-13
763	8.863872092909619e-13
764	8.869981572151575e-13
765	8.868910380405159e-13
766	8.864337215641616e-13
767	8.871219731032554e-13
768	8.866320221415092e-13
769	8.86625408508257e-13
770	8.867626685032937e-13
771	8.869895920179949e-13
772	8.86384607205748e-13
773	8.869183599352626e-13
774	8.86867077172504e-13
775	8.867306845392053e-13
776	8.867610422000349e-13
777	8.86682112281878e-13
778	8.866606450788628e-13
779	8.868827981040051e-13
780	3.925108068431049e-12
781	2.1709896250513006e-12
782	2.1710184648290887e-12
783	2.1710589055701224e-12
784	2.170994612381294e-12
785	2.1712865880263443e-12
786	2.1709547137413465e-12
787	2.1711186451098263e-12
788	2.171285937505041e-12
789	2.1707323438757697e-12
790	2.1714074765685765e-12
791	2.17074296905706e-12
792	2.1716429652804403e-12
793	2.1709494011507013e-12
794	2.170565810422076e-12
795	2.1717028132403615e-12
796	2.1709494011507013e-12
797	2.1709932029184698e-12
798	2.1712344379018478e-12
799	2.170810081171537e-12
800	2.171112356737226e-12
801	2.1713337508208475e-12
802	2.1711840225008272e-12
803	2.170717598726224e-12
804	2.171289081691341e-12
805	2.1710703981131507e-12
806	2.1710110922543158e-12
807	2.1712311852953303e-12
808	2.170793167617646e-12
809	2.1711548574623873e-12
810	2.171274661802447e-12
811	2.171187383527562e-12
812	2.1707426437964084e-12
813	2.1712230537790367e-12
814	2.1709809514339207e-12
815	2.1711147419820054e-12
816	2.171019440611044e-12
817	2.171115067242657e-12
818	2.1710759275442304e-12
819	2.171001551275198e-12
820	2.6298609557412478e-12
821	3.465257052658044e-12
822	3.465879601545485e-12
823	3.4653829285302695e-12
824	3.465036309095726e-12
825	3.4658225725112124e-12
826	3.464979171641236e-12
827	3.465888275162865e-12
828	3.465493083470994e-12
829	3.4651949278735605e-12
830	3.46573084900742e-12
831	3.4653762064768e-12
832	3.465567568160244e-12
833	3.4653510529863985e-12
834	3.465579494384141e-12
835	3.4655283200416e-12
836	3.4656286087425547e-12
837	3.4654054799354572e-12
838	3.4652978186597294e-12
839	3.4652363443965495e-12
840	3.4657230427517782e-12
841	3.465356473997261e-12
842	3.4654600153047332e-12
843	3.465557701920474e-12
844	3.4654015768076363e-12
845	3.465224418172652e-12
846	3.465627416120165e-12
847	3.4656420528494936e-12
848	3.4653711107265894e-12
849	3.4654801814651415e-12
850	3.465412418829361e-12
851	3.465422393489348e-12
852	3.4656342465938517e-12
853	3.4653301278844695e-12
854	3.4655559671969982e-12
855	3.4655932637517317e-12
856	3.465340861485977e-12
857	3.4655954321560767e-12
858	3.4655110812270573e-12
859	3.4654833256514417e-12
860	3.4655749407350167e-12
861	1.330379383046587e-12
862	4.7648480213519084e-12
863	4.76497248776131e-12
864	4.764665008025193e-12
865	4.765205482808177e-12
866	4.765232479442272e-12
867	4.764803243802185e-12
868	4.764530783796239e-12
869	4.7650129285023435e-12
870	4.7652685833746156e-12
871	4.764943756403739e-12
872	4.764792293360243e-12
873	4.765139129635221e-12
874	4.764613183161348e-12
875	4.7653680047138325e-12
876	4.7648676454112304e-12
877	4.765275197007868e-12
878	4.764871656959269e-12
879	4.764664357503889e-12
880	4.7651560431891116e-12
881	4.764896376768801e-12
882	4.765078305893344e-12
883	4.764945382706998e-12
884	4.764809857435437e-12
885	4.765056838690329e-12
886	4.764840431936701e-12
887	4.76509424366528e-12
888	4.764918169232468e-12
889	4.764984739245859e-12
890	4.76515333268368e-12
891	4.764796630168933e-12
892	4.764995256006932e-12
893	4.765121457139809e-12
894	4.7649025567211845e-12
895	4.7649693435750096e-12
896	4.765077438531606e-12
897	4.764818964733686e-12
898	4.765034395705359e-12
899	4.7649374680311385e-12
900	4.765093593143976e-12
901	4.764838805633442e-12
902	4.765059982876629e-12
903	3.1877495434984304e-14
904	6.0641657710983066e-12
905	6.0648628046749975e-12
906	6.06384842512242e-12
907	6.063781963529247e-12
908	6.064818894487012e-12
909	6.0640265595393594e-12
910	6.064439748987294e-12
911	6.0638032138918274e-12
912	6.064606607701639e-12
913	6.0641369313205185e-12
914	6.064262915612961e-12
915	6.06419873084435e-12
916	6.064328618264614e-12
917	6.064268445044041e-12
918	6.064228004303007e-12
919	6.064228004303007e-12
920	6.064420775449275e-12
921	6.0636636770722285e-12
922	6.064469889807689e-12
923	6.063989371404843e-12
924	6.0645234493950095e-12
925	6.0639135856729864e-12
926	6.064379358926286e-12
927	6.0642800460072865e-12
928	6.064116114638807e-12
929	6.064049219364764e-12
930	6.064287093321408e-12
931	6.064384237836062e-12
932	6.0639720241700834e-12
933	6.064296092199439e-12
934	6.064331654030697e-12
935	6.0642333168936524e-12
936	6.0640514961893266e-12
937	6.064356265420012e-12
938	6.064162843752441e-12
939	6.064402777693212e-12
940	6.064035883678043e-12
941	6.064164144795048e-12
942	6.0643738294952065e-12
943	6.064121318809235e-12
944	6.064205236057385e-12
945	6.064278853384897e-12
946	1.2614145838973911e-12
947	7.358842051344294e-12
948	7.35889344252727e-12
949	7.358730812201397e-12
950	7.359704100491637e-12
951	7.358442197583082e-12
952	7.359059000199009e-12
953	7.358988201797145e-12
954	7.359026799394486e-12
955	7.358536631592305e-12
956	7.359087623136362e-12
957	7.358765506670917e-12
958	7.35940648699529e-12
959	7.358641799203036e-12
960	7.358989936520621e-12
961	7.358827306194748e-12
962	7.358889430979232e-12
963	7.359279526920892e-12
964	7.358693949327533e-12
965	7.358966300913261e-12
966	7.3590916346844e-12
967	7.35891317500681e-12
968	7.359105620892425e-12
969	7.358819066258238e-12
970	7.358770819261562e-12
971	7.359211222184026e-12
972	7.358809742119554e-12
973	7.359129039659351e-12
974	7.359029726740351e-12
975	7.359003705888212e-12
976	7.358824920949969e-12
977	7.359061277023571e-12
978	7.358949278939153e-12
979	7.358922065464624e-12
980	7.359016499473847e-12
981	7.358979202919114e-12
982	7.35894071374199e-12
983	7.358998935398653e-12
984	7.358894093048574e-12
985	7.359024956250793e-12
986	7.359014222649285e-12
987	7.358992213345183e-12
988	7.358900381421174e-12
989	7.358999802760391e-12
990	2.545624952152159e-12
991	8.645129425700893e-12
992	8.645215728193822e-12
993	8.645139834041748e-12
994	8.645280997164606e-12
995	8.644962892247199e-12
996	8.645423244489636e-12
997	8.645287610797858e-12
998	8.645267661477885e-12
999	8.64508659971508e-12
1000	8.645093213348332e-12
1001	8.645295525473717e-12
1002	8.645445904315041e-12
1003	8.644895021191201e-12
1004	8.645540446744482e-12
1005	8.645046701075132e-12
1006	8.645344748252348e-12
1007	8.644968204837844e-12
1008	8.645224943912289e-12
1009	8.645182443187127e-12
1010	8.645287610797858e-12
1011	8.645110669003309e-12
1012	8.645263649929846e-12
1013	8.645437989639182e-12
1014	8.645064048309892e-12
1015	8.645158482319115e-12
1016	8.645242291147048e-12
1017	8.645230364923151e-12
1018	8.645158482319115e-12
1019	8.645370010162967e-12
1020	8.645069360900537e-12
1021	8.645308861160439e-12
1022	8.645271673025923e-12
1023	8.645074673491182e-12
1024	8.645282189786996e-12
1025	8.64519968200167e-12
1026	8.645242291147048e-12
1027	8.645194369411024e-12
1028	8.645218438699254e-12
1029	8.645207705097746e-12
1030	8.645210415603177e-12
1031	8.645189165240597e-12
1032	8.645201091464494e-12
1033	8.645271673025923e-12
1034	8.64517442009105e-12
1035	3.817511844833588e-12
1036	9.919698526136833e-12
1037	9.919707091333996e-12
1038	9.919530474800098e-12
1039	9.919672180024042e-12
1040	9.91989248990549e-12
1041	9.919810307380816e-12
1042	9.919541750502692e-12
1043	9.919644207607992e-12
1044	9.919688551476846e-12
1045	9.919765746671527e-12
1046	9.919656242252106e-12
1047	9.919726173292231e-12
1048	9.91973213640418e-12
1049	9.91957807127547e-12
1050	9.919859530159447e-12
1051	9.919727149074187e-12
1052	9.919603333186089e-12
1053	9.919523427485977e-12
1054	9.919865926952265e-12
1055	9.919708175536168e-12
1056	9.91970221242422e-12
1057	9.919639870799302e-12
1058	9.919746122612205e-12
1059	9.919780383400856e-12
1060	9.919677167354035e-12
1061	9.919672722125128e-12
1062	9.919829280918835e-12
1063	9.919529065337274e-12
1064	9.919688226216195e-12
1065	9.919699718759223e-12
1066	9.919616343612159e-12
1067	9.919837629275563e-12
1068	9.91969115356206e-12
1069	9.919692779865319e-12
1070	9.919694189328143e-12
1071	9.919685515710763e-12
1072	9.919683564146853e-12
1073	9.919708826057472e-12
1074	9.919709476578775e-12
1075	9.919707091333996e-12
1076	9.919670770561217e-12
1077	9.919719017557893e-12
1078	9.919734738489394e-12
1079	9.919665241130138e-12
1080	9.919685407290546e-12
1081	5.074101729063418e-12
1082	1.1179504045590039e-11
1083	1.117931051550225e-11
1084	1.1179341198423731e-11
1085	1.1179329163779617e-11
1086	1.1179461761705312e-11
1087	1.1179284603070327e-11
1088	1.117927267684643e-11
1089	1.117958828809884e-11
1090	1.1179485722573324e-11
1091	1.117934716153568e-11
1092	1.117930856393834e-11
1093	1.1179342282625904e-11
1094	1.1179350956243284e-11
1095	1.1179443113427945e-11
1096	1.1179219334099544e-11
1097	1.1179439427140558e-11
1098	1.117932157436441e-11
1099	1.1179499058260045e-11
1100	1.1179384458090413e-11
1101	1.1179335235311783e-11
1102	1.1179343908929162e-11
1103	1.1179267364255785e-11
1104	1.1179423164107971e-11
1105	1.1179287964097062e-11
1106	1.1179388252798017e-11
1107	1.1179386518074541e-11
1108	1.1179485722573324e-11
1109	1.1179253703308412e-11
1110	1.1179400829543218e-11
1111	1.1179331223763744e-11
1112	1.1179435090331868e-11
1113	1.1179395191691921e-11
1114	1.1179357569876536e-11
1115	1.1179323309087885e-11
1116	1.1179361147743705e-11
1117	1.1179393131707793e-11
1118	1.117941850203863e-11
1119	1.1179352474126325e-11
1120	1.1179361798265008e-11
1121	1.1179367219275871e-11
1122	1.1179386301234107e-11
1123	1.1179288614618366e-11
1124	1.117939324012801e-11
1125	1.1179367219275871e-11
1126	1.117939681799518e-11
1127	1.1179387168595845e-11
1128	6.312872533748015e-12
1129	1.2421574077485509e-11
1130	1.2421689545016878e-11
1131	1.2421554670266621e-11
1132	1.2421772161222422e-11
1133	1.2421658645254963e-11
1134	1.2421602266741993e-11
1135	1.2421613976125456e-11
1136	1.242169225552231e-11
1137	1.242164932111628e-11
1138	1.2421661572600828e-11
1139	1.2421629913897392e-11
1140	1.24216406474989e-11
1141	1.2421666559930822e-11
1142	1.2421652898983448e-11
1143	1.2421631323360216e-11
1144	1.2421627962333481e-11
1145	1.2421681955601671e-11
1146	1.2421661572600828e-11
1147	1.2421621999221533e-11
1148	1.2421668945175601e-11
1149	1.2421693231304265e-11
1150	1.2421631648620868e-11
1151	1.2421725865789657e-11
1152	1.2421543611404462e-11
1153	1.2421750477178972e-11
1154	1.2421616252950018e-11
1155	1.2421573969065292e-11
1156	1.2421669162016036e-11
1157	1.2421661572600828e-11
1158	1.242164812849389e-11
1159	1.2421579715336806e-11
1160	1.2421632190721954e-11
1161	1.2421674691447115e-11
1162	1.2421643249584113e-11
1163	1.2421653549504752e-11
1164	1.2421668077813863e-11
1165	1.2421626336030223e-11
1166	1.2421692797623396e-11
1167	1.2421634250706082e-11
1168	1.242164259906281e-11
1169	1.2421634250706082e-11
1170	1.2421669487276688e-11
1171	1.2421640105397813e-11
1172	1.2421685858729492e-11
1173	1.2421643574844765e-11
1174	1.2421635985429558e-11
1175	1.2421630672838913e-11
1176	7.531705727842342e-12
1177	1.3644324385608808e-11
1178	1.3644363633727452e-11
1179	1.3644320807741639e-11
1180	1.364443540791127e-11
1181	1.3644348454897037e-11
1182	1.3644287522734944e-11
1183	1.3644401472383272e-11
1184	1.3644271476542791e-11
1185	1.3644434432129315e-11
1186	1.3644382065164384e-11
1187	1.3644232770525233e-11
1188	1.3644445057310606e-11
1189	1.3644330457140974e-11
1190	1.3644339456019006e-11
1191	1.3644394099808499e-11
1192	1.364432546981098e-11
1193	1.3644369705259618e-11
1194	1.3644426409033239e-11
1195	1.3644224530588722e-11
1196	1.364439442506915e-11
1197	1.3644389004058288e-11
1198	1.3644399412399144e-11
1199	1.3644352141184424e-11
1200	1.3644330131880322e-11
1201	1.364437241576505e-11
1202	1.3644373499967222e-11
1203	1.3644372090504397e-11
1204	1.3644383691467643e-11
1205	1.3644374584169394e-11
1206	1.3644354092748334e-11
1207	1.364439681031393e-11
1208	1.3644336094992271e-11
1209	1.3644396268212844e-11
1210	1.3644365368450928e-11
1211	1.3644399087138492e-11
1212	1.3644386401973074e-11
1213	1.3644339347598788e-11
1214	1.3644355393790941e-11
1215	1.3644400062920448e-11
1216	1.364436211584441e-11
1217	1.364437870413765e-11
1218	1.3644375451531132e-11
1219	1.364434639491291e-11
1220	1.3644371439983094e-11
1221	1.3644378920978084e-11
1222	1.3644369379998966e-11
1223	1.3644378162036563e-11
1224	1.3644416759633904e-11
1225	8.72891667801079e-12
1226	1.4845757869558218e-11
1227	1.4845697371076993e-11
1228	1.4845774674691892e-11
1229	1.484593199242712e-11
1230	1.4845774674691892e-11
1231	1.4845697371076993e-11
1232	1.4845814681752056e-11
1233	1.4845878649680233e-11
1234	1.4845766651595815e-11
1235	1.4845707996258284e-11
1236	1.4845790720884045e-11
1237	1.4845862711908298e-11
1238	1.4845788010378613e-11
1239	1.4845707996258284e-11
1240	1.484579603347469e-11
1241	1.4845825306933347e-11
1242	1.484580936916141e-11
1243	1.4845697371076993e-11
1244	1.4845833330029423e-11
1245	1.4845766651595815e-11
1246	1.4845830944784644e-11
1247	1.4845718946700226e-11
1248	1.484582834269943e-11
1249	1.4845740305483024e-11
1250	1.4845849701482228e-11
1251	1.4845708321518936e-11
1252	1.4845852303567442e-11
1253	1.4845718946700226e-11
1254	1.4845846990976796e-11
1255	1.484573499289238e-11
1256	1.484584167838615e-11
1257	1.4845740305483024e-11
1258	1.4845831270045295e-11
1259	1.4845749629621707e-11
1260	1.484582996900269e-11
1261	1.4845745292813017e-11
1262	1.4845814681752056e-11
1263	1.4845770337883202e-11
1264	1.4845799719762076e-11
1265	1.4845784324091227e-11
1266	1.484578573355405e-11
1267	1.4845789636681872e-11
1268	1.4845781938846447e-11
1269	1.48457420402065e-11
1270	1.4845791371405348e-11
1271	1.4845795382953386e-11
1272	1.4845795816634255e-11
1273	1.4845793106128824e-11
1274	1.484618461153331e-11
1275	9.902756349308706e-12
1276	1.6024108255574543e-11
1277	1.6024108255574543e-11
1278	1.6024108255574543e-11
1279	1.6024108255574543e-11
1280	1.6024108255574543e-11
1281	1.6024108255574543e-11
1282	1.6024108255574543e-11
1283	1.6024108255574543e-11
1284	1.6024108255574543e-11
1285	1.6024108255574543e-11
1286	1.6024108255574543e-11
1287	1.6024108255574543e-11
1288	1.6024108255574543e-11
1289	1.6024108255574543e-11
1290	1.6024108255574543e-11
1291	1.6024108255574543e-11
1292	1.6024108255574543e-11
1293	1.6024108255574543e-11
1294	1.6024108255574543e-11
1295	1.6024108255574543e-11
1296	1.6024108255574543e-11
1297	1.6024108255574543e-11
1298	1.6024108255574543e-11
1299	1.6024108255574543e-11
1300	1.6024108255574543e-11
1301	1.6024108255574543e-11
1302	1.6024108255574543e-11
1303	1.6024108255574543e-11
1304	1.6024108255574543e-11
1305	1.6024108255574543e-11
1306	1.6024108255574543e-11
1307	1.6024108255574543e-11
1308	1.6024108255574543e-11
1309	1.6024108255574543e-11
1310	1.6024108255574543e-11
1311	1.6024108255574543e-11
1312	1.6024108255574543e-11
1313	1.6024108255574543e-11
1314	1.6024108255574543e-11
1315	1.6024108255574543e-11
1316	1.6024108255574543e-11
1317	1.6024108255574543e-11
1318	1.6024108255574543e-11
1319	1.6024108255574543e-11
1320	1.6024108255574543e-11
1321	1.6024108255574543e-11
1322	1.6024108255574543e-11
1323	1.6024108255574543e-11
1324	1.6024108255574543e-11
1325	1.6024108255574543e-11
