1275	0.001666512786121893
1225	0.0016657353135765952
1176	0.0016649147945679088
1128	0.001664048326003595
1081	0.0016631327612452037
1035	0.0016621646851590114
990	0.0016611403861090457
946	0.001660055824451458
903	0.0016589065970161517
861	0.0016576878969739386
820	0.0016563944683828146
780	0.0016550205545814462
741	0.0016535598394469457
703	0.0016520053803513342
666	0.0016503495314297305
630	0.001648583855503468
595	0.001646699022671146
561	0.0016446846931748786
528	0.0016425293816476419
496	0.0016402202992254254
465	0.0016377431692311587
435	0.001635082011162945
406	0.0016322188864887149
378	0.0016291335981868753
351	0.0016258033339748522
325	0.0016222022405958127
300	0.0016183009131994965
276	0.0016140657794957056
253	0.0016094583526184024
231	0.0016044343190085315
210	0.0015989424173883198
190	0.0015929230510315527
171	0.001586306556542301
153	0.0015790110260461138
136	0.0015709395428019474
120	0.0015619766378057998
105	0.0015519836993485709
91	0.0015407929567493569
78	0.0015281994944875083
66	0.001513950502469533
55	0.0014977305799734615
45	0.0014791412953318202
36	0.0014576722025014283
28	0.0014326588410946092
21	0.0014032203537300912
15	0.0013681641725824002
10	0.00132583554874773
6	0.001273870726263706
3	0.001208773197446062
1	0.0011251450567775958
1276	0.0007635687885747129
1277	0.0007635687885747129
1278	0.0007635687885747129
1279	0.0007635687885747129
1280	0.0007635687885747129
1281	0.0007635687885747129
1282	0.0007635687885747129
1283	0.0007635687885747129
1284	0.0007635687885747129
1285	0.0007635687885747129
1286	0.0007635687885747129
1287	0.0007635687885747129
1288	0.0007635687885747129
1289	0.0007635687885747129
1290	0.0007635687885747129
1291	0.0007635687885747129
1292	0.0007635687885747129
1293	0.0007635687885747129
1294	0.0007635687885747129
1295	0.0007635687885747129
1296	0.0007635687885747129
1297	0.0007635687885747129
1298	0.0007635687885747129
1299	0.0007635687885747129
1300	0.0007635687885747129
1301	0.0007635687885747129
1302	0.0007635687885747129
1303	0.0007635687885747129
1304	0.0007635687885747129
1305	0.0007635687885747129
1306	0.0007635687885747129
1307	0.0007635687885747129
1308	0.0007635687885747129
1309	0.0007635687885747129
1310	0.0007635687885747129
1311	0.0007635687885747129
1312	0.0007635687885747129
1313	0.0007635687885747129
1314	0.0007635687885747129
1315	0.0007635687885747129
1316	0.0007635687885747129
1317	0.0007635687885747129
1318	0.0007635687885747129
1319	0.0007635687885747129
1320	0.0007635687885747129
1321	0.0007635687885747129
1322	0.0007635687885747129
1323	0.0007635687885747129
1324	0.0007635687885747129
1325	0.0007635687885747129
1226	0.0007628179514104242
1227	0.0007628179514104242
1228	0.0007628179514104242
1229	0.0007628179514104242
1230	0.0007628179514104242
1231	0.0007628179514104242
1232	0.0007628179514104242
1233	0.0007628179514104242
1234	0.0007628179514104242
1235	0.0007628179514104242
1236	0.0007628179514104242
1237	0.0007628179514104242
1238	0.0007628179514104242
1239	0.0007628179514104242
1240	0.0007628179514104242
1241	0.0007628179514104242
1242	0.0007628179514104242
1243	0.0007628179514104242
1244	0.0007628179514104242
1245	0.0007628179514104242
1246	0.0007628179514104242
1247	0.0007628179514104242
1248	0.0007628179514104242
1249	0.0007628179514104242
1250	0.0007628179514104242
1251	0.0007628179514104242
1252	0.0007628179514104242
1253	0.0007628179514104242
1254	0.0007628179514104242
1255	0.0007628179514104242
1256	0.0007628179514104242
1257	0.0007628179514104242
1258	0.0007628179514104242
1259	0.0007628179514104242
1260	0.0007628179514104242
1261	0.0007628179514104242
1262	0.0007628179514104242
1263	0.0007628179514104242
1264	0.0007628179514104242
1265	0.0007628179514104242
1266	0.0007628179514104242
1267	0.0007628179514104242
1268	0.0007628179514104242
1269	0.0007628179514104242
1270	0.0007628179514104242
1271	0.0007628179514104242
1272	0.0007628179514104242
1273	0.0007628179514104242
1274	0.0007628179514104242
1177	0.0007620194056401023
1178	0.0007620194056401023
1179	0.0007620194056401023
1180	0.0007620194056401023
1181	0.0007620194056401023
1182	0.0007620194056401023
1183	0.0007620194056401023
1184	0.0007620194056401023
1185	0.0007620194056401023
1186	0.0007620194056401023
1187	0.0007620194056401023
1188	0.0007620194056401023
1189	0.0007620194056401023
1190	0.0007620194056401023
1191	0.0007620194056401023
1192	0.0007620194056401023
1193	0.0007620194056401023
1194	0.0007620194056401023
1195	0.0007620194056401023
1196	0.0007620194056401023
1197	0.0007620194056401023
1198	0.0007620194056401023
1199	0.0007620194056401023
1200	0.0007620194056401023
1201	0.0007620194056401023
1202	0.0007620194056401023
1203	0.0007620194056401023
1204	0.0007620194056401023
1205	0.0007620194056401023
1206	0.0007620194056401023
1207	0.0007620194056401023
1208	0.0007620194056401023
1209	0.0007620194056401023
1210	0.0007620194056401023
1211	0.0007620194056401023
1212	0.0007620194056401023
1213	0.0007620194056401023
1214	0.0007620194056401023
1215	0.0007620194056401023
1216	0.0007620194056401023
1217	0.0007620194056401023
1218	0.0007620194056401023
1219	0.0007620194056401023
1220	0.0007620194056401023
1221	0.0007620194056401023
1222	0.0007620194056401023
1223	0.0007620194056401023
1224	0.0007620194056401023
1129	0.000761169797317576
1130	0.000761169797317576
1131	0.000761169797317576
1132	0.000761169797317576
1133	0.000761169797317576
1134	0.000761169797317576
1135	0.000761169797317576
1136	0.000761169797317576
1137	0.000761169797317576
1138	0.000761169797317576
1139	0.000761169797317576
1140	0.000761169797317576
1141	0.000761169797317576
1142	0.000761169797317576
1143	0.000761169797317576
1144	0.000761169797317576
1145	0.000761169797317576
1146	0.000761169797317576
1147	0.000761169797317576
1148	0.000761169797317576
1149	0.000761169797317576
1150	0.000761169797317576
1151	0.000761169797317576
1152	0.000761169797317576
1153	0.000761169797317576
1154	0.000761169797317576
1155	0.000761169797317576
1156	0.000761169797317576
1157	0.000761169797317576
1158	0.000761169797317576
1159	0.000761169797317576
1160	0.000761169797317576
1161	0.000761169797317576
1162	0.000761169797317576
1163	0.000761169797317576
1164	0.000761169797317576
1165	0.000761169797317576
1166	0.000761169797317576
1167	0.000761169797317576
1168	0.000761169797317576
1169	0.000761169797317576
1170	0.000761169797317576
1171	0.000761169797317576
1172	0.000761169797317576
1173	0.000761169797317576
1174	0.000761169797317576
1175	0.000761169797317576
1082	0.0007602654859957367
1083	0.0007602654859957367
1084	0.0007602654859957367
1085	0.0007602654859957367
1086	0.0007602654859957367
1087	0.0007602654859957367
1088	0.0007602654859957367
1089	0.0007602654859957367
1090	0.0007602654859957367
1091	0.0007602654859957367
1092	0.0007602654859957367
1093	0.0007602654859957367
1094	0.0007602654859957367
1095	0.0007602654859957367
1096	0.0007602654859957367
1097	0.0007602654859957367
1098	0.0007602654859957367
1099	0.0007602654859957367
1100	0.0007602654859957367
1101	0.0007602654859957367
1102	0.0007602654859957367
1103	0.0007602654859957367
1104	0.0007602654859957367
1105	0.0007602654859957367
1106	0.0007602654859957367
1107	0.0007602654859957367
1108	0.0007602654859957367
1109	0.0007602654859957367
1110	0.0007602654859957367
1111	0.0007602654859957367
1112	0.0007602654859957367
1113	0.0007602654859957367
1114	0.0007602654859957367
1115	0.0007602654859957367
1116	0.0007602654859957367
1117	0.0007602654859957367
1118	0.0007602654859957367
1119	0.0007602654859957367
1120	0.0007602654859957367
1121	0.0007602654859957367
1122	0.0007602654859957367
1123	0.0007602654859957367
1124	0.0007602654859957367
1125	0.0007602654859957367
1126	0.0007602654859957367
1127	0.0007602654859957367
1036	0.0007593025151106119
1037	0.0007593025151106119
1038	0.0007593025151106119
1039	0.0007593025151106119
1040	0.0007593025151106119
1041	0.0007593025151106119
1042	0.0007593025151106119
1043	0.0007593025151106119
1044	0.0007593025151106119
1045	0.0007593025151106119
1046	0.0007593025151106119
1047	0.0007593025151106119
1048	0.0007593025151106119
1049	0.0007593025151106119
1050	0.0007593025151106119
1051	0.0007593025151106119
1052	0.0007593025151106119
1053	0.0007593025151106119
1054	0.0007593025151106119
1055	0.0007593025151106119
1056	0.0007593025151106119
1057	0.0007593025151106119
1058	0.0007593025151106119
1059	0.0007593025151106119
1060	0.0007593025151106119
1061	0.0007593025151106119
1062	0.0007593025151106119
1063	0.0007593025151106119
1064	0.0007593025151106119
1065	0.0007593025151106119
1066	0.0007593025151106119
1067	0.0007593025151106119
1068	0.0007593025151106119
1069	0.0007593025151106119
1070	0.0007593025151106119
1071	0.0007593025151106119
1072	0.0007593025151106119
1073	0.0007593025151106119
1074	0.0007593025151106119
1075	0.0007593025151106119
1076	0.0007593025151106119
1077	0.0007593025151106119
1078	0.0007593025151106119
1079	0.0007593025151106119
1080	0.0007593025151106119
991	0.0007582765787178903
992	0.0007582765787178903
993	0.0007582765787178903
994	0.0007582765787178903
995	0.0007582765787178903
996	0.0007582765787178903
997	0.0007582765787178903
998	0.0007582765787178903
999	0.0007582765787178903
1000	0.0007582765787178903
1001	0.0007582765787178903
1002	0.0007582765787178903
1003	0.0007582765787178903
1004	0.0007582765787178903
1005	0.0007582765787178903
1006	0.0007582765787178903
1007	0.0007582765787178903
1008	0.0007582765787178903
1009	0.0007582765787178903
1010	0.0007582765787178903
1011	0.0007582765787178903
1012	0.0007582765787178903
1013	0.0007582765787178903
1014	0.0007582765787178903
1015	0.0007582765787178903
1016	0.0007582765787178903
1017	0.0007582765787178903
1018	0.0007582765787178903
1019	0.0007582765787178903
1020	0.0007582765787178903
1021	0.0007582765787178903
1022	0.0007582765787178903
1023	0.0007582765787178903
1024	0.0007582765787178903
1025	0.0007582765787178903
1026	0.0007582765787178903
1027	0.0007582765787178903
1028	0.0007582765787178903
1029	0.0007582765787178903
1030	0.0007582765787178903
1031	0.0007582765787178903
1032	0.0007582765787178903
1033	0.0007582765787178903
1034	0.0007582765787178903
947	0.0007571829840549347
948	0.0007571829840549347
949	0.0007571829840549347
950	0.0007571829840549347
951	0.0007571829840549347
952	0.0007571829840549347
953	0.0007571829840549347
954	0.0007571829840549347
955	0.0007571829840549347
956	0.0007571829840549347
957	0.0007571829840549347
958	0.0007571829840549347
959	0.0007571829840549347
960	0.0007571829840549347
961	0.0007571829840549347
962	0.0007571829840549347
963	0.0007571829840549347
964	0.0007571829840549347
965	0.0007571829840549347
966	0.0007571829840549347
967	0.0007571829840549347
968	0.0007571829840549347
969	0.0007571829840549347
970	0.0007571829840549347
971	0.0007571829840549347
972	0.0007571829840549347
973	0.0007571829840549347
974	0.0007571829840549347
975	0.0007571829840549347
976	0.0007571829840549347
977	0.0007571829840549347
978	0.0007571829840549347
979	0.0007571829840549347
980	0.0007571829840549347
981	0.0007571829840549347
982	0.0007571829840549347
983	0.0007571829840549347
984	0.0007571829840549347
985	0.0007571829840549347
986	0.0007571829840549347
987	0.0007571829840549347
988	0.0007571829840549347
989	0.0007571829840549347
904	0.0007560166093132221
905	0.0007560166093132221
906	0.0007560166093132221
907	0.0007560166093132221
908	0.0007560166093132221
909	0.0007560166093132221
910	0.0007560166093132221
911	0.0007560166093132221
912	0.0007560166093132221
913	0.0007560166093132221
914	0.0007560166093132221
915	0.0007560166093132221
916	0.0007560166093132221
917	0.0007560166093132221
918	0.0007560166093132221
919	0.0007560166093132221
920	0.0007560166093132221
921	0.0007560166093132221
922	0.0007560166093132221
923	0.0007560166093132221
924	0.0007560166093132221
925	0.0007560166093132221
926	0.0007560166093132221
927	0.0007560166093132221
928	0.0007560166093132221
929	0.0007560166093132221
930	0.0007560166093132221
931	0.0007560166093132221
932	0.0007560166093132221
933	0.0007560166093132221
934	0.0007560166093132221
935	0.0007560166093132221
936	0.0007560166093132221
937	0.0007560166093132221
938	0.0007560166093132221
939	0.0007560166093132221
940	0.0007560166093132221
941	0.0007560166093132221
942	0.0007560166093132221
943	0.0007560166093132221
944	0.0007560166093132221
945	0.0007560166093132221
862	0.000754771855901322
863	0.000754771855901322
864	0.000754771855901322
865	0.000754771855901322
866	0.000754771855901322
867	0.000754771855901322
868	0.000754771855901322
869	0.000754771855901322
870	0.000754771855901322
871	0.000754771855901322
872	0.000754771855901322
873	0.000754771855901322
874	0.000754771855901322
875	0.000754771855901322
876	0.000754771855901322
877	0.000754771855901322
878	0.000754771855901322
879	0.000754771855901322
880	0.000754771855901322
881	0.000754771855901322
882	0.000754771855901322
883	0.000754771855901322
884	0.000754771855901322
885	0.000754771855901322
886	0.000754771855901322
887	0.000754771855901322
888	0.000754771855901322
889	0.000754771855901322
890	0.000754771855901322
891	0.000754771855901322
892	0.000754771855901322
893	0.000754771855901322
894	0.000754771855901322
895	0.000754771855901322
896	0.000754771855901322
897	0.000754771855901322
898	0.000754771855901322
899	0.000754771855901322
900	0.000754771855901322
901	0.000754771855901322
902	0.000754771855901322
821	0.0007534425943530402
822	0.0007534425943530402
823	0.0007534425943530402
824	0.0007534425943530402
825	0.0007534425943530402
826	0.0007534425943530402
827	0.0007534425943530402
828	0.0007534425943530402
829	0.0007534425943530402
830	0.0007534425943530402
831	0.0007534425943530402
832	0.0007534425943530402
833	0.0007534425943530402
834	0.0007534425943530402
835	0.0007534425943530402
836	0.0007534425943530402
837	0.0007534425943530402
838	0.0007534425943530402
839	0.0007534425943530402
840	0.0007534425943530402
841	0.0007534425943530402
842	0.0007534425943530402
843	0.0007534425943530402
844	0.0007534425943530402
845	0.0007534425943530402
846	0.0007534425943530402
847	0.0007534425943530402
848	0.0007534425943530402
849	0.0007534425943530402
850	0.0007534425943530402
851	0.0007534425943530402
852	0.0007534425943530402
853	0.0007534425943530402
854	0.0007534425943530402
855	0.0007534425943530402
856	0.0007534425943530402
857	0.0007534425943530402
858	0.0007534425943530402
859	0.0007534425943530402
860	0.0007534425943530402
781	0.0007520221028850327
782	0.0007520221028850327
783	0.0007520221028850327
784	0.0007520221028850327
785	0.0007520221028850327
786	0.0007520221028850327
787	0.0007520221028850327
788	0.0007520221028850327
789	0.0007520221028850327
790	0.0007520221028850327
791	0.0007520221028850327
792	0.0007520221028850327
793	0.0007520221028850327
794	0.0007520221028850327
795	0.0007520221028850327
796	0.0007520221028850327
797	0.0007520221028850327
798	0.0007520221028850327
799	0.0007520221028850327
800	0.0007520221028850327
801	0.0007520221028850327
802	0.0007520221028850327
803	0.0007520221028850327
804	0.0007520221028850327
805	0.0007520221028850327
806	0.0007520221028850327
807	0.0007520221028850327
808	0.0007520221028850327
809	0.0007520221028850327
810	0.0007520221028850327
811	0.0007520221028850327
812	0.0007520221028850327
813	0.0007520221028850327
814	0.0007520221028850327
815	0.0007520221028850327
816	0.0007520221028850327
817	0.0007520221028850327
818	0.0007520221028850327
819	0.0007520221028850327
742	0.0007505029974271354
743	0.0007505029974271354
744	0.0007505029974271354
745	0.0007505029974271354
746	0.0007505029974271354
747	0.0007505029974271354
748	0.0007505029974271354
749	0.0007505029974271354
750	0.0007505029974271354
751	0.0007505029974271354
752	0.0007505029974271354
753	0.0007505029974271354
754	0.0007505029974271354
755	0.0007505029974271354
756	0.0007505029974271354
757	0.0007505029974271354
758	0.0007505029974271354
759	0.0007505029974271354
760	0.0007505029974271354
761	0.0007505029974271354
762	0.0007505029974271354
763	0.0007505029974271354
764	0.0007505029974271354
765	0.0007505029974271354
766	0.0007505029974271354
767	0.0007505029974271354
768	0.0007505029974271354
769	0.0007505029974271354
770	0.0007505029974271354
771	0.0007505029974271354
772	0.0007505029974271354
773	0.0007505029974271354
774	0.0007505029974271354
775	0.0007505029974271354
776	0.0007505029974271354
777	0.0007505029974271354
778	0.0007505029974271354
779	0.0007505029974271354
704	0.0007488771517298532
705	0.0007488771517298532
706	0.0007488771517298532
707	0.0007488771517298532
708	0.0007488771517298532
709	0.0007488771517298532
710	0.0007488771517298532
711	0.0007488771517298532
712	0.0007488771517298532
713	0.0007488771517298532
714	0.0007488771517298532
715	0.0007488771517298532
716	0.0007488771517298532
717	0.0007488771517298532
718	0.0007488771517298532
719	0.0007488771517298532
720	0.0007488771517298532
721	0.0007488771517298532
722	0.0007488771517298532
723	0.0007488771517298532
724	0.0007488771517298532
725	0.0007488771517298532
726	0.0007488771517298532
727	0.0007488771517298532
728	0.0007488771517298532
729	0.0007488771517298532
730	0.0007488771517298532
731	0.0007488771517298532
732	0.0007488771517298532
733	0.0007488771517298532
734	0.0007488771517298532
735	0.0007488771517298532
736	0.0007488771517298532
737	0.0007488771517298532
738	0.0007488771517298532
739	0.0007488771517298532
740	0.0007488771517298532
667	0.0007471356058880887
668	0.0007471356058880887
669	0.0007471356058880887
670	0.0007471356058880887
671	0.0007471356058880887
672	0.0007471356058880887
673	0.0007471356058880887
674	0.0007471356058880887
675	0.0007471356058880887
676	0.0007471356058880887
677	0.0007471356058880887
678	0.0007471356058880887
679	0.0007471356058880887
680	0.0007471356058880887
681	0.0007471356058880887
682	0.0007471356058880887
683	0.0007471356058880887
684	0.0007471356058880887
685	0.0007471356058880887
686	0.0007471356058880887
687	0.0007471356058880887
688	0.0007471356058880887
689	0.0007471356058880887
690	0.0007471356058880887
691	0.0007471356058880887
692	0.0007471356058880887
693	0.0007471356058880887
694	0.0007471356058880887
695	0.0007471356058880887
696	0.0007471356058880887
697	0.0007471356058880887
698	0.0007471356058880887
699	0.0007471356058880887
700	0.0007471356058880887
701	0.0007471356058880887
702	0.0007471356058880887
631	0.0007452684612966365
632	0.0007452684612966365
633	0.0007452684612966365
634	0.0007452684612966365
635	0.0007452684612966365
636	0.0007452684612966365
637	0.0007452684612966365
638	0.0007452684612966365
639	0.0007452684612966365
640	0.0007452684612966365
641	0.0007452684612966365
642	0.0007452684612966365
643	0.0007452684612966365
644	0.0007452684612966365
645	0.0007452684612966365
646	0.0007452684612966365
647	0.0007452684612966365
648	0.0007452684612966365
649	0.0007452684612966365
650	0.0007452684612966365
651	0.0007452684612966365
652	0.0007452684612966365
653	0.0007452684612966365
654	0.0007452684612966365
655	0.0007452684612966365
656	0.0007452684612966365
657	0.0007452684612966365
658	0.0007452684612966365
659	0.0007452684612966365
660	0.0007452684612966365
661	0.0007452684612966365
662	0.0007452684612966365
663	0.0007452684612966365
664	0.0007452684612966365
665	0.0007452684612966365
596	0.0007432647596573443
597	0.0007432647596573443
598	0.0007432647596573443
599	0.0007432647596573443
600	0.0007432647596573443
601	0.0007432647596573443
602	0.0007432647596573443
603	0.0007432647596573443
604	0.0007432647596573443
605	0.0007432647596573443
606	0.0007432647596573443
607	0.0007432647596573443
608	0.0007432647596573443
609	0.0007432647596573443
610	0.0007432647596573443
611	0.0007432647596573443
612	0.0007432647596573443
613	0.0007432647596573443
614	0.0007432647596573443
615	0.0007432647596573443
616	0.0007432647596573443
617	0.0007432647596573443
618	0.0007432647596573443
619	0.0007432647596573443
620	0.0007432647596573443
621	0.0007432647596573443
622	0.0007432647596573443
623	0.0007432647596573443
624	0.0007432647596573443
625	0.0007432647596573443
626	0.0007432647596573443
627	0.0007432647596573443
628	0.0007432647596573443
629	0.0007432647596573443
562	0.0007411123431711643
563	0.0007411123431711643
564	0.0007411123431711643
565	0.0007411123431711643
566	0.0007411123431711643
567	0.0007411123431711643
568	0.0007411123431711643
569	0.0007411123431711643
570	0.0007411123431711643
571	0.0007411123431711643
572	0.0007411123431711643
573	0.0007411123431711643
574	0.0007411123431711643
575	0.0007411123431711643
576	0.0007411123431711643
577	0.0007411123431711643
578	0.0007411123431711643
579	0.0007411123431711643
580	0.0007411123431711643
581	0.0007411123431711643
582	0.0007411123431711643
583	0.0007411123431711643
584	0.0007411123431711643
585	0.0007411123431711643
586	0.0007411123431711643
587	0.0007411123431711643
588	0.0007411123431711643
589	0.0007411123431711643
590	0.0007411123431711643
591	0.0007411123431711643
592	0.0007411123431711643
593	0.0007411123431711643
594	0.0007411123431711643
529	0.0007387976924473609
530	0.0007387976924473609
531	0.0007387976924473609
532	0.0007387976924473609
533	0.0007387976924473609
534	0.0007387976924473609
535	0.0007387976924473609
536	0.0007387976924473609
537	0.0007387976924473609
538	0.0007387976924473609
539	0.0007387976924473609
540	0.0007387976924473609
541	0.0007387976924473609
542	0.0007387976924473609
543	0.0007387976924473609
544	0.0007387976924473609
545	0.0007387976924473609
546	0.0007387976924473609
547	0.0007387976924473609
548	0.0007387976924473609
549	0.0007387976924473609
550	0.0007387976924473609
551	0.0007387976924473609
552	0.0007387976924473609
553	0.0007387976924473609
554	0.0007387976924473609
555	0.0007387976924473609
556	0.0007387976924473609
557	0.0007387976924473609
558	0.0007387976924473609
559	0.0007387976924473609
560	0.0007387976924473609
497	0.0007363057379159643
498	0.0007363057379159643
499	0.0007363057379159643
500	0.0007363057379159643
501	0.0007363057379159643
502	0.0007363057379159643
503	0.0007363057379159643
504	0.0007363057379159643
505	0.0007363057379159643
506	0.0007363057379159643
507	0.0007363057379159643
508	0.0007363057379159643
509	0.0007363057379159643
510	0.0007363057379159643
511	0.0007363057379159643
512	0.0007363057379159643
513	0.0007363057379159643
514	0.0007363057379159643
515	0.0007363057379159643
516	0.0007363057379159643
517	0.0007363057379159643
518	0.0007363057379159643
519	0.0007363057379159643
520	0.0007363057379159643
521	0.0007363057379159643
522	0.0007363057379159643
523	0.0007363057379159643
524	0.0007363057379159643
525	0.0007363057379159643
526	0.0007363057379159643
527	0.0007363057379159643
466	0.0007336196395982081
467	0.0007336196395982081
468	0.0007336196395982081
469	0.0007336196395982081
470	0.0007336196395982081
471	0.0007336196395982081
472	0.0007336196395982081
473	0.0007336196395982081
474	0.0007336196395982081
475	0.0007336196395982081
476	0.0007336196395982081
477	0.0007336196395982081
478	0.0007336196395982081
479	0.0007336196395982081
480	0.0007336196395982081
481	0.0007336196395982081
482	0.0007336196395982081
483	0.0007336196395982081
484	0.0007336196395982081
485	0.0007336196395982081
486	0.0007336196395982081
487	0.0007336196395982081
488	0.0007336196395982081
489	0.0007336196395982081
490	0.0007336196395982081
491	0.0007336196395982081
492	0.0007336196395982081
493	0.0007336196395982081
494	0.0007336196395982081
495	0.0007336196395982081
436	0.0007307205289209808
437	0.0007307205289209808
438	0.0007307205289209808
439	0.0007307205289209808
440	0.0007307205289209808
441	0.0007307205289209808
442	0.0007307205289209808
443	0.0007307205289209808
444	0.0007307205289209808
445	0.0007307205289209808
446	0.0007307205289209808
447	0.0007307205289209808
448	0.0007307205289209808
449	0.0007307205289209808
450	0.0007307205289209808
451	0.0007307205289209808
452	0.0007307205289209808
453	0.0007307205289209808
454	0.0007307205289209808
455	0.0007307205289209808
456	0.0007307205289209808
457	0.0007307205289209808
458	0.0007307205289209808
459	0.0007307205289209808
460	0.0007307205289209808
461	0.0007307205289209808
462	0.0007307205289209808
463	0.0007307205289209808
464	0.0007307205289209808
407	0.0007275872047857257
408	0.0007275872047857257
409	0.0007275872047857257
410	0.0007275872047857257
411	0.0007275872047857257
412	0.0007275872047857257
413	0.0007275872047857257
414	0.0007275872047857257
415	0.0007275872047857257
416	0.0007275872047857257
417	0.0007275872047857257
418	0.0007275872047857257
419	0.0007275872047857257
420	0.0007275872047857257
421	0.0007275872047857257
422	0.0007275872047857257
423	0.0007275872047857257
424	0.0007275872047857257
425	0.0007275872047857257
426	0.0007275872047857257
427	0.0007275872047857257
428	0.0007275872047857257
429	0.0007275872047857257
430	0.0007275872047857257
431	0.0007275872047857257
432	0.0007275872047857257
433	0.0007275872047857257
434	0.0007275872047857257
379	0.0007241957742281103
380	0.0007241957742281103
381	0.0007241957742281103
382	0.0007241957742281103
383	0.0007241957742281103
384	0.0007241957742281103
385	0.0007241957742281103
386	0.0007241957742281103
387	0.0007241957742281103
388	0.0007241957742281103
389	0.0007241957742281103
390	0.0007241957742281103
391	0.0007241957742281103
392	0.0007241957742281103
393	0.0007241957742281103
394	0.0007241957742281103
395	0.0007241957742281103
396	0.0007241957742281103
397	0.0007241957742281103
398	0.0007241957742281103
399	0.0007241957742281103
400	0.0007241957742281103
401	0.0007241957742281103
402	0.0007241957742281103
403	0.0007241957742281103
404	0.0007241957742281103
405	0.0007241957742281103
352	0.000720519225608597
353	0.000720519225608597
354	0.000720519225608597
355	0.000720519225608597
356	0.000720519225608597
357	0.000720519225608597
358	0.000720519225608597
359	0.000720519225608597
360	0.000720519225608597
361	0.000720519225608597
362	0.000720519225608597
363	0.000720519225608597
364	0.000720519225608597
365	0.000720519225608597
366	0.000720519225608597
367	0.000720519225608597
368	0.000720519225608597
369	0.000720519225608597
370	0.000720519225608597
371	0.000720519225608597
372	0.000720519225608597
373	0.000720519225608597
374	0.000720519225608597
375	0.000720519225608597
376	0.000720519225608597
377	0.000720519225608597
326	0.0007165269191894385
327	0.0007165269191894385
328	0.0007165269191894385
329	0.0007165269191894385
330	0.0007165269191894385
331	0.0007165269191894385
332	0.0007165269191894385
333	0.0007165269191894385
334	0.0007165269191894385
335	0.0007165269191894385
336	0.0007165269191894385
337	0.0007165269191894385
338	0.0007165269191894385
339	0.0007165269191894385
340	0.0007165269191894385
341	0.0007165269191894385
342	0.0007165269191894385
343	0.0007165269191894385
344	0.0007165269191894385
345	0.0007165269191894385
346	0.0007165269191894385
347	0.0007165269191894385
348	0.0007165269191894385
349	0.0007165269191894385
350	0.0007165269191894385
301	0.0007121839759537237
302	0.0007121839759537237
303	0.0007121839759537237
304	0.0007121839759537237
305	0.0007121839759537237
306	0.0007121839759537237
307	0.0007121839759537237
308	0.0007121839759537237
309	0.0007121839759537237
310	0.0007121839759537237
311	0.0007121839759537237
312	0.0007121839759537237
313	0.0007121839759537237
314	0.0007121839759537237
315	0.0007121839759537237
316	0.0007121839759537237
317	0.0007121839759537237
318	0.0007121839759537237
319	0.0007121839759537237
320	0.0007121839759537237
321	0.0007121839759537237
322	0.0007121839759537237
323	0.0007121839759537237
324	0.0007121839759537237
277	0.0007074505402950357
278	0.0007074505402950357
279	0.0007074505402950357
280	0.0007074505402950357
281	0.0007074505402950357
282	0.0007074505402950357
283	0.0007074505402950357
284	0.0007074505402950357
285	0.0007074505402950357
286	0.0007074505402950357
287	0.0007074505402950357
288	0.0007074505402950357
289	0.0007074505402950357
290	0.0007074505402950357
291	0.0007074505402950357
292	0.0007074505402950357
293	0.0007074505402950357
294	0.0007074505402950357
295	0.0007074505402950357
296	0.0007074505402950357
297	0.0007074505402950357
298	0.0007074505402950357
299	0.0007074505402950357
254	0.0007022808853193787
255	0.0007022808853193787
256	0.0007022808853193787
257	0.0007022808853193787
258	0.0007022808853193787
259	0.0007022808853193787
260	0.0007022808853193787
261	0.0007022808853193787
262	0.0007022808853193787
263	0.0007022808853193787
264	0.0007022808853193787
265	0.0007022808853193787
266	0.0007022808853193787
267	0.0007022808853193787
268	0.0007022808853193787
269	0.0007022808853193787
270	0.0007022808853193787
271	0.0007022808853193787
272	0.0007022808853193787
273	0.0007022808853193787
274	0.0007022808853193787
275	0.0007022808853193787
232	0.0006966223203476409
233	0.0006966223203476409
234	0.0006966223203476409
235	0.0006966223203476409
236	0.0006966223203476409
237	0.0006966223203476409
238	0.0006966223203476409
239	0.0006966223203476409
240	0.0006966223203476409
241	0.0006966223203476409
242	0.0006966223203476409
243	0.0006966223203476409
244	0.0006966223203476409
245	0.0006966223203476409
246	0.0006966223203476409
247	0.0006966223203476409
248	0.0006966223203476409
249	0.0006966223203476409
250	0.0006966223203476409
251	0.0006966223203476409
252	0.0006966223203476409
211	0.0006904138479270769
212	0.0006904138479270769
213	0.0006904138479270769
214	0.0006904138479270769
215	0.0006904138479270769
216	0.0006904138479270769
217	0.0006904138479270769
218	0.0006904138479270769
219	0.0006904138479270769
220	0.0006904138479270769
221	0.0006904138479270769
222	0.0006904138479270769
223	0.0006904138479270769
224	0.0006904138479270769
225	0.0006904138479270769
226	0.0006904138479270769
227	0.0006904138479270769
228	0.0006904138479270769
229	0.0006904138479270769
230	0.0006904138479270769
191	0.0006835845010216909
192	0.0006835845010216909
193	0.0006835845010216909
194	0.0006835845010216909
195	0.0006835845010216909
196	0.0006835845010216909
197	0.0006835845010216909
198	0.0006835845010216909
199	0.0006835845010216909
200	0.0006835845010216909
201	0.0006835845010216909
202	0.0006835845010216909
203	0.0006835845010216909
204	0.0006835845010216909
205	0.0006835845010216909
206	0.0006835845010216909
207	0.0006835845010216909
208	0.0006835845010216909
209	0.0006835845010216909
172	0.0006760512682649182
173	0.0006760512682649182
174	0.0006760512682649182
175	0.0006760512682649182
176	0.0006760512682649182
177	0.0006760512682649182
178	0.0006760512682649182
179	0.0006760512682649182
180	0.0006760512682649182
181	0.0006760512682649182
182	0.0006760512682649182
183	0.0006760512682649182
184	0.0006760512682649182
185	0.0006760512682649182
186	0.0006760512682649182
187	0.0006760512682649182
188	0.0006760512682649182
189	0.0006760512682649182
154	0.0006677164835927284
155	0.0006677164835927284
156	0.0006677164835927284
157	0.0006677164835927284
158	0.0006677164835927284
159	0.0006677164835927284
160	0.0006677164835927284
161	0.0006677164835927284
162	0.0006677164835927284
163	0.0006677164835927284
164	0.0006677164835927284
165	0.0006677164835927284
166	0.0006677164835927284
167	0.0006677164835927284
168	0.0006677164835927284
169	0.0006677164835927284
170	0.0006677164835927284
137	0.0006584645123064337
138	0.0006584645123064337
139	0.0006584645123064337
140	0.0006584645123064337
141	0.0006584645123064337
142	0.0006584645123064337
143	0.0006584645123064337
144	0.0006584645123064337
145	0.0006584645123064337
146	0.0006584645123064337
147	0.0006584645123064337
148	0.0006584645123064337
149	0.0006584645123064337
150	0.0006584645123064337
151	0.0006584645123064337
152	0.0006584645123064337
121	0.0006481575026973949
122	0.0006481575026973949
123	0.0006481575026973949
124	0.0006481575026973949
125	0.0006481575026973949
126	0.0006481575026973949
127	0.0006481575026973949
128	0.0006481575026973949
129	0.0006481575026973949
130	0.0006481575026973949
131	0.0006481575026973949
132	0.0006481575026973949
133	0.0006481575026973949
134	0.0006481575026973949
135	0.0006481575026973949
106	0.0006366298816456301
107	0.0006366298816456301
108	0.0006366298816456301
109	0.0006366298816456301
110	0.0006366298816456301
111	0.0006366298816456301
112	0.0006366298816456301
113	0.0006366298816456301
114	0.0006366298816456301
115	0.0006366298816456301
116	0.0006366298816456301
117	0.0006366298816456301
118	0.0006366298816456301
119	0.0006366298816456301
92	0.0006236811397278411
93	0.0006236811397278411
94	0.0006236811397278411
95	0.0006236811397278411
96	0.0006236811397278411
97	0.0006236811397278411
98	0.0006236811397278411
99	0.0006236811397278411
100	0.0006236811397278411
101	0.0006236811397278411
102	0.0006236811397278411
103	0.0006236811397278411
104	0.0006236811397278411
79	0.0006090662533906682
80	0.0006090662533906682
81	0.0006090662533906682
82	0.0006090662533906682
83	0.0006090662533906682
84	0.0006090662533906682
85	0.0006090662533906682
86	0.0006090662533906682
87	0.0006090662533906682
88	0.0006090662533906682
89	0.0006090662533906682
90	0.0006090662533906682
67	0.000592482791185015
68	0.000592482791185015
69	0.000592482791185015
70	0.000592482791185015
71	0.000592482791185015
72	0.000592482791185015
73	0.000592482791185015
74	0.000592482791185015
75	0.000592482791185015
76	0.000592482791185015
77	0.000592482791185015
56	0.0005735532852606006
57	0.0005735532852606006
58	0.0005735532852606006
59	0.0005735532852606006
60	0.0005735532852606006
61	0.0005735532852606006
62	0.0005735532852606006
63	0.0005735532852606006
64	0.0005735532852606006
65	0.0005735532852606006
46	0.0005518007107948946
47	0.0005518007107948946
48	0.0005518007107948946
49	0.0005518007107948946
50	0.0005518007107948946
51	0.0005518007107948946
52	0.0005518007107948946
53	0.0005518007107948946
54	0.0005518007107948946
37	0.0005266137150165443
38	0.0005266137150165443
39	0.0005266137150165443
40	0.0005266137150165443
41	0.0005266137150165443
42	0.0005266137150165443
43	0.0005266137150165443
44	0.0005266137150165443
29	0.0004971962281260356
30	0.0004971962281260356
31	0.0004971962281260356
32	0.0004971962281260356
33	0.0004971962281260356
34	0.0004971962281260356
35	0.0004971962281260356
22	0.0004624926173763654
23	0.0004624926173763654
24	0.0004624926173763654
25	0.0004624926173763654
26	0.0004624926173763654
27	0.0004624926173763654
16	0.00042107332758549584
17	0.00042107332758549584
18	0.00042107332758549584
19	0.00042107332758549584
20	0.00042107332758549584
11	0.0003709543381430967
12	0.0003709543381430967
13	0.0003709543381430967
14	0.0003709543381430967
7	0.0003093010017959693
8	0.0003093010017959693
9	0.0003093010017959693
4	0.00023191959508264123
5	0.00023191959508264123
2	0.0001323350131570022
