1275	0.0016665127960246494
1225	0.001665735322305512
1176	0.0016649148020996146
1128	0.0016640483323164675
1081	0.0016631327663193054
1035	0.0016621646889765232
990	0.0016611403886546707
946	0.0016600558257128725
903	0.0016589065969842742
861	0.0016576878956435592
820	0.0016563944657529536
780	0.0016550205506563381
741	0.0016535598342357868
703	0.0016520053738699539
666	0.001650349523700671
630	0.001648583846556542
595	0.0016466990125448954
561	0.0016446846819162281
528	0.001642529369313398
496	0.0016402202858831756
465	0.0016377431549591058
435	0.0016350819960512433
406	0.0016322188706389654
378	0.0016291335817127548
351	0.0016258033170019955
325	0.001622202223260971
300	0.0016183008956497877
276	0.0016140657618856696
253	0.001609458335109587
231	0.0016044343017646624
210	0.0015989424005713598
190	0.0015929230347956804
171	0.0015863065410288725
153	0.0015790110113754934
136	0.0015709395290656068
120	0.0015619766250597879
105	0.0015519836876070614
91	0.0015407929459807495
78	0.0015281994846153663
66	0.0015139504933801506
55	0.0014977305715297648
45	0.0014791412873914347
36	0.0014576721949378928
28	0.0014326588338137685
21	0.0014032203466726573
15	0.0013681641657159137
10	0.001325835542053721
6	0.0012738707197284028
3	0.0012087731910588645
1	0.0011251450505293558
1276	0.0007635688045988211
1277	0.0007635688045988211
1278	0.0007635688045988211
1279	0.0007635688045988211
1280	0.0007635688045988211
1281	0.0007635688045988211
1282	0.0007635688045988211
1283	0.0007635688045988211
1284	0.0007635688045988211
1285	0.0007635688045988211
1286	0.0007635688045988211
1287	0.0007635688045988211
1288	0.0007635688045988211
1289	0.0007635688045988211
1290	0.0007635688045988211
1291	0.0007635688045988211
1292	0.0007635688045988211
1293	0.0007635688045988211
1294	0.0007635688045988211
1295	0.0007635688045988211
1296	0.0007635688045988211
1297	0.0007635688045988211
1298	0.0007635688045988211
1299	0.0007635688045988211
1300	0.0007635688045988211
1301	0.0007635688045988211
1302	0.0007635688045988211
1303	0.0007635688045988211
1304	0.0007635688045988211
1305	0.0007635688045988211
1306	0.0007635688045988211
1307	0.0007635688045988211
1308	0.0007635688045988211
1309	0.0007635688045988211
1310	0.0007635688045988211
1311	0.0007635688045988211
1312	0.0007635688045988211
1313	0.0007635688045988211
1314	0.0007635688045988211
1315	0.0007635688045988211
1316	0.0007635688045988211
1317	0.0007635688045988211
1318	0.0007635688045988211
1319	0.0007635688045988211
1320	0.0007635688045988211
1321	0.0007635688045988211
1322	0.0007635688045988211
1323	0.0007635688045988211
1324	0.0007635688045988211
1325	0.0007635688045988211
1274	0.0007628179662566088
1229	0.0007628179662563562
1233	0.0007628179662563029
1237	0.000762817966256287
1252	0.0007628179662562765
1250	0.0007628179662562739
1254	0.0007628179662562712
1256	0.0007628179662562659
1244	0.0007628179662562576
1258	0.0007628179662562555
1246	0.0007628179662562552
1260	0.0007628179662562542
1248	0.0007628179662562526
1241	0.0007628179662562495
1232	0.0007628179662562389
1262	0.0007628179662562389
1242	0.0007628179662562336
1264	0.000762817966256224
1240	0.0007628179662562203
1272	0.00076281796625622
1271	0.0007628179662562196
1273	0.0007628179662562173
1270	0.0007628179662562156
1236	0.000762817966256215
1267	0.0007628179662562139
1238	0.0007628179662562122
1266	0.00076281796625621
1265	0.0007628179662562086
1268	0.0007628179662562062
1228	0.0007628179662561989
1230	0.0007628179662561989
1263	0.0007628179662561946
1234	0.0007628179662561909
1245	0.0007628179662561909
1226	0.0007628179662561821
1259	0.0007628179662561739
1261	0.0007628179662561695
1269	0.0007628179662561663
1249	0.0007628179662561645
1257	0.0007628179662561645
1255	0.0007628179662561592
1247	0.0007628179662561432
1253	0.0007628179662561432
1251	0.0007628179662561326
1235	0.0007628179662561322
1239	0.0007628179662561322
1227	0.0007628179662561216
1231	0.0007628179662561216
1243	0.0007628179662561216
1188	0.0007620194192845474
1180	0.0007620194192845377
1185	0.0007620194192845367
1194	0.0007620194192845287
1224	0.0007620194192845191
1183	0.0007620194192845038
1215	0.0007620194192845024
1198	0.0007620194192845017
1211	0.0007620194192845014
1207	0.0007620194192844991
1209	0.0007620194192844986
1196	0.0007620194192844967
1191	0.0007620194192844964
1197	0.0007620194192844913
1212	0.0007620194192844887
1204	0.000762019419284486
1186	0.0007620194192844844
1221	0.0007620194192844812
1217	0.000762019419284481
1223	0.0007620194192844805
1218	0.0007620194192844778
1205	0.0007620194192844769
1202	0.0007620194192844758
1201	0.0007620194192844747
1203	0.0007620194192844744
1220	0.0007620194192844737
1193	0.000762019419284472
1222	0.0007620194192844717
1210	0.0007620194192844677
1178	0.0007620194192844659
1216	0.0007620194192844644
1214	0.0007620194192844577
1206	0.0007620194192844564
1199	0.0007620194192844544
1181	0.0007620194192844508
1219	0.0007620194192844487
1190	0.0007620194192844418
1213	0.0007620194192844416
1208	0.0007620194192844384
1189	0.0007620194192844328
1200	0.0007620194192844324
1192	0.0007620194192844278
1177	0.0007620194192844267
1179	0.0007620194192844231
1182	0.0007620194192843898
1184	0.0007620194192843738
1187	0.0007620194192843351
1195	0.0007620194192843268
1132	0.0007611698097393482
1153	0.0007611698097393265
1151	0.0007611698097393019
1149	0.0007611698097392693
1166	0.0007611698097392688
1136	0.0007611698097392683
1130	0.0007611698097392656
1172	0.0007611698097392619
1145	0.000761169809739258
1161	0.0007611698097392507
1170	0.0007611698097392455
1156	0.0007611698097392452
1148	0.000761169809739245
1164	0.0007611698097392441
1141	0.0007611698097392426
1138	0.0007611698097392376
1146	0.0007611698097392376
1157	0.0007611698097392376
1133	0.0007611698097392347
1163	0.0007611698097392296
1142	0.0007611698097392289
1137	0.0007611698097392253
1158	0.0007611698097392241
1173	0.0007611698097392196
1162	0.0007611698097392193
1168	0.0007611698097392186
1140	0.0007611698097392167
1171	0.0007611698097392161
1174	0.000761169809739212
1167	0.0007611698097392103
1169	0.0007611698097392103
1160	0.0007611698097392082
1150	0.0007611698097392077
1143	0.0007611698097392073
1175	0.0007611698097392067
1139	0.0007611698097392059
1144	0.000761169809739204
1165	0.0007611698097392024
1147	0.000761169809739198
1154	0.0007611698097391923
1135	0.00076116980973919
1134	0.0007611698097391783
1159	0.0007611698097391557
1129	0.0007611698097391501
1155	0.00076116980973915
1131	0.0007611698097391307
1152	0.0007611698097391196
1089	0.000760265497175325
1082	0.0007602654971752407
1099	0.0007602654971752358
1090	0.0007602654971752224
1108	0.0007602654971752224
1086	0.0007602654971751985
1095	0.0007602654971751798
1097	0.0007602654971751761
1112	0.0007602654971751718
1104	0.0007602654971751599
1118	0.0007602654971751552
1110	0.0007602654971751375
1126	0.0007602654971751335
1113	0.0007602654971751319
1124	0.0007602654971751299
1117	0.0007602654971751298
1106	0.000760265497175125
1127	0.0007602654971751239
1107	0.0007602654971751232
1122	0.000760265497175123
1100	0.0007602654971751212
1121	0.0007602654971751039
1125	0.0007602654971751039
1120	0.0007602654971750985
1116	0.0007602654971750978
1114	0.0007602654971750943
1119	0.0007602654971750892
1094	0.0007602654971750877
1091	0.0007602654971750839
1102	0.0007602654971750806
1093	0.000760265497175079
1084	0.0007602654971750779
1101	0.0007602654971750719
1111	0.0007602654971750679
1085	0.0007602654971750659
1115	0.00076026549717506
1098	0.0007602654971750583
1083	0.0007602654971750472
1092	0.0007602654971750453
1123	0.0007602654971750253
1105	0.0007602654971750247
1087	0.0007602654971750213
1088	0.0007602654971750094
1103	0.0007602654971750041
1109	0.0007602654971749904
1096	0.000760265497174956
1040	0.0007593025250305044
1054	0.0007593025250304779
1050	0.0007593025250304715
1067	0.0007593025250304496
1062	0.0007593025250304412
1041	0.0007593025250304222
1059	0.0007593025250303923
1045	0.0007593025250303777
1058	0.0007593025250303581
1078	0.0007593025250303467
1048	0.0007593025250303441
1051	0.0007593025250303391
1047	0.0007593025250303381
1077	0.000759302525030331
1074	0.0007593025250303214
1073	0.0007593025250303208
1055	0.0007593025250303201
1037	0.000759302525030319
1075	0.000759302525030319
1056	0.0007593025250303141
1065	0.0007593025250303117
1036	0.0007593025250303105
1070	0.0007593025250303061
1069	0.0007593025250303047
1068	0.0007593025250303031
1044	0.0007593025250303005
1064	0.0007593025250303002
1071	0.0007593025250302975
1080	0.0007593025250302973
1072	0.0007593025250302955
1060	0.0007593025250302891
1061	0.0007593025250302847
1039	0.0007593025250302841
1076	0.0007593025250302827
1079	0.0007593025250302772
1046	0.0007593025250302682
1043	0.0007593025250302561
1057	0.0007593025250302518
1066	0.0007593025250302283
1052	0.0007593025250302153
1049	0.00075930252503019
1042	0.0007593025250301537
1038	0.0007593025250301424
1063	0.000759302525030141
1053	0.0007593025250301354
1004	0.0007582765873634308
1002	0.0007582765873633362
1013	0.0007582765873633283
996	0.0007582765873633136
1019	0.0007582765873632604
1006	0.0007582765873632351
1021	0.0007582765873631992
1001	0.0007582765873631859
997	0.000758276587363178
1010	0.000758276587363178
1024	0.0007582765873631725
994	0.0007582765873631713
1022	0.000758276587363162
1033	0.000758276587363162
998	0.000758276587363158
1012	0.000758276587363154
1016	0.0007582765873631326
1026	0.0007582765873631326
1017	0.0007582765873631207
1008	0.0007582765873631153
1028	0.0007582765873631088
992	0.0007582765873631061
1030	0.0007582765873631008
1029	0.000758276587363098
1032	0.0007582765873630914
1025	0.00075827658736309
1027	0.0007582765873630847
1031	0.0007582765873630795
1009	0.0007582765873630728
1034	0.0007582765873630648
1015	0.0007582765873630488
1018	0.0007582765873630488
993	0.0007582765873630302
991	0.0007582765873630198
1011	0.000758276587363001
1000	0.0007582765873629836
999	0.0007582765873629769
1023	0.000758276587362965
1020	0.0007582765873629597
1014	0.0007582765873629544
1005	0.000758276587362937
1007	0.0007582765873628585
995	0.0007582765873628532
1003	0.0007582765873627854
950	0.0007571829914146388
958	0.0007571829914143412
963	0.0007571829914142142
971	0.0007571829914141459
973	0.0007571829914140637
968	0.0007571829914140403
966	0.0007571829914140263
956	0.0007571829914140223
977	0.0007571829914139959
952	0.0007571829914139937
974	0.0007571829914139644
954	0.0007571829914139615
985	0.0007571829914139596
980	0.0007571829914139512
986	0.0007571829914139489
975	0.0007571829914139384
989	0.0007571829914139345
983	0.0007571829914139336
987	0.0007571829914139269
960	0.0007571829914139246
953	0.0007571829914139229
981	0.0007571829914139139
965	0.000757182991413901
978	0.000757182991413884
982	0.0007571829914138754
979	0.0007571829914138567
967	0.0007571829914138478
988	0.000757182991413835
984	0.0007571829914138288
948	0.0007571829914138281
962	0.0007571829914138241
947	0.0007571829914137767
961	0.000757182991413762
976	0.0007571829914137596
969	0.0007571829914137537
972	0.0007571829914137444
970	0.0007571829914137055
957	0.0007571829914137002
949	0.0007571829914136655
964	0.0007571829914136286
959	0.0007571829914135765
955	0.0007571829914134713
951	0.0007571829914133769
905	0.000756016615378085
908	0.000756016615378041
912	0.0007560166153778288
924	0.0007560166153777456
922	0.000756016615377692
910	0.0007560166153776619
920	0.0007560166153776429
939	0.0007560166153776249
931	0.0007560166153776064
926	0.0007560166153776015
942	0.000756016615377596
937	0.0007560166153775784
934	0.0007560166153775538
916	0.0007560166153775508
933	0.0007560166153775182
930	0.0007560166153775092
927	0.0007560166153775022
945	0.000756016615377501
917	0.0007560166153774906
914	0.0007560166153774851
935	0.0007560166153774555
918	0.0007560166153774501
919	0.0007560166153774501
944	0.0007560166153774274
915	0.0007560166153774209
904	0.0007560166153773879
941	0.0007560166153773863
938	0.000756016615377385
913	0.0007560166153773591
943	0.0007560166153773435
928	0.0007560166153773383
936	0.0007560166153772736
929	0.0007560166153772714
940	0.000756016615377258
909	0.0007560166153772487
923	0.0007560166153772115
932	0.0007560166153771942
925	0.0007560166153771357
906	0.0007560166153770706
911	0.0007560166153770254
907	0.0007560166153770041
921	0.0007560166153768858
875	0.00075477186066669
877	0.0007547718606665972
870	0.0007547718606665906
866	0.0007547718606665545
865	0.0007547718606665275
880	0.0007547718606664781
890	0.0007547718606664754
873	0.0007547718606664612
893	0.0007547718606664435
887	0.0007547718606664163
900	0.0007547718606664156
882	0.0007547718606664003
896	0.0007547718606663995
902	0.000754771860666382
885	0.0007547718606663789
898	0.0007547718606663564
869	0.000754771860666335
892	0.0007547718606663173
889	0.0007547718606663068
863	0.0007547718606662945
895	0.0007547718606662914
883	0.0007547718606662674
871	0.0007547718606662658
899	0.0007547718606662595
888	0.0007547718606662402
894	0.0007547718606662246
881	0.0007547718606662184
878	0.0007547718606661937
876	0.0007547718606661897
862	0.0007547718606661701
886	0.0007547718606661625
901	0.0007547718606661608
897	0.000754771860666141
884	0.0007547718606661319
867	0.0007547718606661253
891	0.0007547718606661187
872	0.0007547718606661143
864	0.000754771860665987
879	0.0007547718606659864
874	0.0007547718606659352
868	0.0007547718606658528
827	0.0007534425978189285
822	0.0007534425978189198
825	0.0007534425978188628
830	0.000753442597818771
840	0.0007534425978187632
847	0.0007534425978186823
852	0.0007534425978186744
836	0.0007534425978186688
846	0.0007534425978186676
857	0.0007534425978186356
855	0.0007534425978186335
834	0.0007534425978186197
860	0.0007534425978186151
832	0.0007534425978186078
843	0.0007534425978185979
854	0.0007534425978185962
835	0.0007534425978185685
858	0.0007534425978185513
828	0.0007534425978185333
859	0.0007534425978185235
849	0.0007534425978185204
842	0.0007534425978185002
851	0.0007534425978184626
850	0.0007534425978184526
837	0.0007534425978184457
844	0.0007534425978184418
823	0.0007534425978184231
831	0.0007534425978184164
848	0.0007534425978184113
841	0.0007534425978183967
833	0.0007534425978183913
856	0.0007534425978183811
853	0.0007534425978183703
838	0.000753442597818338
821	0.0007534425978182973
839	0.0007534425978182765
845	0.0007534425978182646
829	0.0007534425978182351
824	0.0007534425978180765
826	0.0007534425978180194
795	0.0007520221050567355
792	0.0007520221050566757
790	0.0007520221050564402
801	0.0007520221050563665
804	0.0007520221050563218
785	0.0007520221050563193
788	0.0007520221050563187
810	0.0007520221050563074
798	0.0007520221050562672
807	0.0007520221050562639
813	0.0007520221050562558
811	0.0007520221050562201
802	0.0007520221050562167
809	0.0007520221050561876
787	0.0007520221050561514
817	0.0007520221050561478
815	0.0007520221050561475
800	0.0007520221050561451
818	0.0007520221050561086
805	0.0007520221050561031
783	0.0007520221050560916
816	0.0007520221050560522
782	0.0007520221050560512
806	0.0007520221050560438
819	0.0007520221050560343
784	0.0007520221050560273
797	0.0007520221050560259
781	0.0007520221050560223
814	0.0007520221050560137
786	0.0007520221050559874
793	0.0007520221050559821
796	0.0007520221050559821
799	0.0007520221050558428
808	0.0007520221050558259
791	0.0007520221050557757
812	0.0007520221050557754
789	0.0007520221050557651
803	0.0007520221050557503
794	0.0007520221050555985
744	0.0007505029983147736
749	0.000750502998314508
751	0.0007505029983143883
746	0.0007505029983143
767	0.0007505029983142573
759	0.0007505029983142433
764	0.0007505029983141335
756	0.0007505029983141262
771	0.000750502998314125
773	0.0007505029983140537
765	0.0007505029983140264
779	0.0007505029983140182
774	0.0007505029983140024
757	0.0007505029983139906
754	0.000750502998313902
770	0.000750502998313898
776	0.0007505029983138964
775	0.000750502998313866
760	0.0007505029983138489
777	0.0007505029983138175
761	0.0007505029983138155
778	0.000750502998313796
747	0.0007505029983137943
768	0.0007505029983137674
752	0.0007505029983137634
769	0.0007505029983137608
762	0.0007505029983137482
742	0.0007505029983136874
755	0.0007505029983135976
766	0.0007505029983135691
763	0.0007505029983135226
772	0.00075050299831352
748	0.0007505029983135047
753	0.0007505029983134921
750	0.0007505029983133727
758	0.000750502998313313
743	0.0007505029983130899
745	0.0007505029983130161
712	0.0007488771513496078
704	0.0007488771513496043
724	0.0007488771513496026
716	0.0007488771513494222
715	0.000748877151349332
710	0.0007488771513492631
738	0.0007488771513492498
718	0.0007488771513491888
720	0.000748877151349157
709	0.000748877151349149
734	0.000748877151349149
729	0.0007488771513491172
739	0.0007488771513490669
730	0.0007488771513490588
706	0.0007488771513490297
736	0.0007488771513490244
707	0.0007488771513490231
721	0.0007488771513490111
735	0.0007488771513490111
723	0.0007488771513490098
732	0.0007488771513490058
708	0.0007488771513489926
737	0.0007488771513489528
726	0.0007488771513489501
727	0.0007488771513489501
725	0.0007488771513489395
705	0.0007488771513489343
733	0.0007488771513489317
740	0.000748877151348923
731	0.0007488771513489209
728	0.0007488771513489183
719	0.0007488771513488282
714	0.0007488771513488017
711	0.0007488771513486863
722	0.0007488771513486372
713	0.0007488771513484927
717	0.0007488771513484808
668	0.0007471356042644164
671	0.0007471356042639203
681	0.0007471356042637978
677	0.0007471356042637576
685	0.0007471356042637078
687	0.0007471356042636808
675	0.0007471356042636047
674	0.000747135604263548
692	0.0007471356042635062
679	0.0007471356042634761
689	0.0007471356042634628
700	0.000747135604263428
695	0.0007471356042634248
698	0.0007471356042633976
701	0.0007471356042633971
683	0.0007471356042633863
693	0.000747135604263374
696	0.0007471356042633734
691	0.0007471356042633178
690	0.0007471356042632959
697	0.0007471356042632883
678	0.0007471356042632584
694	0.0007471356042632554
669	0.0007471356042631726
699	0.0007471356042631683
680	0.0007471356042631647
684	0.0007471356042631509
673	0.0007471356042631497
702	0.0007471356042631418
686	0.0007471356042631102
676	0.0007471356042630931
670	0.0007471356042629265
688	0.0007471356042628722
672	0.0007471356042628301
682	0.0007471356042627426
667	0.0007471356042623076
632	0.0007452684584595782
641	0.0007452684584594165
655	0.0007452684584594088
652	0.0007452684584593133
650	0.0007452684584592922
642	0.0007452684584592316
658	0.0007452684584591317
660	0.0007452684584591251
636	0.0007452684584590906
648	0.0007452684584590635
646	0.0007452684584590579
665	0.0007452684584589761
653	0.0007452684584589643
638	0.0007452684584589635
662	0.0007452684584589401
645	0.0007452684584589135
663	0.0007452684584589074
647	0.0007452684584588446
644	0.00074526845845877
664	0.0007452684584587417
637	0.0007452684584587133
633	0.0007452684584587103
657	0.0007452684584586497
634	0.0007452684584586251
659	0.0007452684584585841
654	0.0007452684584585763
635	0.0007452684584585207
661	0.0007452684584584966
639	0.0007452684584584928
649	0.0007452684584584416
651	0.0007452684584584023
643	0.0007452684584583849
656	0.0007452684584583335
640	0.0007452684584582272
631	0.0007452684584576503
608	0.0007432647556471664
598	0.0007432647556471092
606	0.0007432647556469041
616	0.0007432647556467805
605	0.0007432647556467522
601	0.0007432647556466629
599	0.0007432647556465434
627	0.0007432647556465187
629	0.0007432647556464116
623	0.0007432647556464067
596	0.0007432647556464055
613	0.0007432647556463962
619	0.0007432647556463876
612	0.0007432647556462929
625	0.0007432647556462732
611	0.0007432647556462455
602	0.0007432647556462336
620	0.000743264755646187
621	0.0007432647556461766
610	0.0007432647556461548
615	0.0007432647556461454
622	0.0007432647556461108
618	0.000743264755646092
624	0.0007432647556460773
628	0.0007432647556459564
617	0.0007432647556459496
603	0.0007432647556458931
626	0.0007432647556458249
614	0.0007432647556457542
600	0.0007432647556457291
609	0.0007432647556456847
604	0.0007432647556456333
607	0.0007432647556453513
597	0.0007432647556449512
576	0.00074111233803574
574	0.0007411123380356306
578	0.0007411123380354345
569	0.0007411123380353737
572	0.000741112338035339
564	0.0007411123380352914
567	0.0007411123380352408
580	0.0007411123380352206
593	0.0007411123380351443
585	0.0007411123380350312
586	0.0007411123380350177
591	0.0007411123380348594
582	0.0007411123380348547
589	0.0007411123380348065
590	0.0007411123380347968
584	0.0007411123380347731
563	0.0007411123380346597
570	0.0007411123380346577
571	0.0007411123380346339
565	0.0007411123380346227
587	0.0007411123380346187
562	0.0007411123380346125
566	0.0007411123380346114
594	0.0007411123380345866
583	0.000741112338034583
588	0.0007411123380345433
581	0.0007411123380345327
592	0.0007411123380345287
579	0.0007411123380343265
568	0.0007411123380341637
573	0.0007411123380338438
577	0.0007411123380338186
575	0.0007411123380337625
551	0.0007387976862445192
535	0.0007387976862444476
529	0.0007387976862444363
537	0.000738797686244399
542	0.0007387976862443812
545	0.0007387976862443115
548	0.0007387976862443045
532	0.0007387976862442808
556	0.0007387976862442295
547	0.0007387976862442147
541	0.0007387976862441425
550	0.0007387976862438636
544	0.0007387976862438147
554	0.0007387976862437825
560	0.0007387976862437819
557	0.0007387976862437762
533	0.0007387976862436698
559	0.0007387976862436617
558	0.0007387976862436358
530	0.0007387976862435896
553	0.0007387976862434866
543	0.0007387976862434122
555	0.0007387976862434097
552	0.0007387976862434009
539	0.0007387976862433654
534	0.0007387976862433235
536	0.0007387976862432569
540	0.0007387976862431711
538	0.0007387976862430501
549	0.0007387976862429288
546	0.0007387976862425543
531	0.0007387976862423448
512	0.000736305730715154
510	0.0007363057307148372
506	0.0007363057307144865
503	0.0007363057307143833
497	0.0007363057307143141
519	0.0007363057307143028
499	0.0007363057307141975
514	0.0007363057307141403
525	0.0007363057307141337
500	0.000736305730714129
515	0.0007363057307140722
520	0.0007363057307140497
505	0.0007363057307140427
527	0.0007363057307140365
521	0.0007363057307140071
523	0.0007363057307139666
517	0.0007363057307139587
522	0.0007363057307138716
518	0.0007363057307137559
513	0.0007363057307137388
498	0.0007363057307137302
504	0.000736305730713726
508	0.0007363057307137172
526	0.0007363057307136324
502	0.0007363057307136284
507	0.0007363057307136156
509	0.0007363057307135798
524	0.0007363057307134578
516	0.0007363057307133461
501	0.000736305730713289
511	0.000736305730712387
469	0.0007336196314782546
480	0.000733619631478156
484	0.0007336196314777349
475	0.0007336196314775309
488	0.000733619631477456
482	0.0007336196314774175
474	0.0007336196314772978
485	0.000733619631477283
478	0.00073361963147725
491	0.0007336196314772465
471	0.0007336196314772272
493	0.0007336196314772139
495	0.0007336196314772069
489	0.0007336196314772056
490	0.000733619631477159
492	0.0007336196314771342
479	0.0007336196314771209
486	0.0007336196314770713
472	0.000733619631477056
494	0.0007336196314770146
476	0.0007336196314770108
468	0.0007336196314769172
473	0.0007336196314768995
466	0.0007336196314768411
481	0.0007336196314768228
467	0.0007336196314768178
487	0.0007336196314766617
483	0.0007336196314766579
470	0.0007336196314764909
477	0.0007336196314763432
437	0.0007307205199739731
451	0.0007307205199732668
445	0.0007307205199731285
440	0.0007307205199728012
453	0.0007307205199727411
463	0.000730720519972707
442	0.000730720519972694
461	0.0007307205199726238
459	0.0007307205199725417
443	0.0007307205199723981
448	0.0007307205199723923
460	0.0007307205199723371
457	0.0007307205199723169
449	0.0007307205199722777
456	0.0007307205199722677
446	0.0007307205199722488
455	0.0007307205199721762
464	0.0007307205199721353
462	0.000730720519972092
458	0.000730720519972078
447	0.0007307205199720042
439	0.0007307205199719875
454	0.0007307205199718942
438	0.0007307205199715892
450	0.0007307205199715644
452	0.0007307205199715445
444	0.0007307205199712547
441	0.0007307205199711948
436	0.0007307205199710922
413	0.0007275871951127222
416	0.0007275871951126206
419	0.0007275871951124903
429	0.000727587195112434
421	0.0007275871951124279
410	0.0007275871951124126
432	0.0007275871951123254
434	0.0007275871951122827
412	0.0007275871951122624
408	0.0007275871951122276
427	0.00072758719511218
423	0.0007275871951121546
425	0.0007275871951121527
422	0.0007275871951119839
417	0.000727587195111922
424	0.0007275871951119117
428	0.0007275871951118869
415	0.0007275871951118386
431	0.000727587195111803
433	0.0007275871951117776
430	0.000727587195111713
426	0.0007275871951117093
420	0.0007275871951115591
407	0.0007275871951115356
411	0.0007275871951115126
418	0.0007275871951110438
414	0.0007275871951109021
409	0.0007275871951108146
391	0.0007241957639450918
393	0.0007241957639450766
383	0.000724195763944691
398	0.0007241957639445133
389	0.0007241957639442826
403	0.000724195763944193
384	0.0007241957639441646
381	0.000724195763944153
386	0.0007241957639440679
401	0.0007241957639439645
380	0.0007241957639439568
404	0.0007241957639439326
385	0.0007241957639439019
405	0.0007241957639438949
399	0.0007241957639438854
396	0.0007241957639438493
388	0.0007241957639438411
395	0.0007241957639436741
397	0.000724195763943662
400	0.0007241957639436001
402	0.0007241957639435796
379	0.0007241957639434258
394	0.0007241957639432305
392	0.0007241957639430944
390	0.0007241957639427643
382	0.0007241957639427444
387	0.0007241957639427277
352	0.0007205192148413775
359	0.0007205192148411937
372	0.0007205192148409842
354	0.0007205192148409328
369	0.0007205192148406433
355	0.0007205192148405337
356	0.0007205192148405054
364	0.0007205192148404937
362	0.0007205192148403931
376	0.0007205192148403699
367	0.0007205192148403689
377	0.0007205192148402848
375	0.0007205192148402612
374	0.0007205192148402164
368	0.0007205192148401145
358	0.0007205192148400943
370	0.0007205192148400217
366	0.0007205192148399958
365	0.0007205192148398625
360	0.0007205192148398607
361	0.0007205192148397665
363	0.000720519214839743
373	0.0007205192148396144
371	0.0007205192148395965
357	0.0007205192148394003
353	0.0007205192148385579
331	0.0007165269080747082
330	0.0007165269080746765
328	0.0007165269080745276
343	0.0007165269080744564
346	0.0007165269080743572
341	0.0007165269080743447
332	0.0007165269080742286
339	0.0007165269080742101
340	0.0007165269080742083
338	0.0007165269080741983
350	0.0007165269080741743
345	0.0007165269080741563
349	0.000716526908074115
344	0.0007165269080740827
326	0.0007165269080740271
337	0.0007165269080739793
336	0.0007165269080739478
327	0.0007165269080739269
348	0.0007165269080739006
342	0.0007165269080738008
347	0.0007165269080737423
334	0.0007165269080737195
333	0.0007165269080737065
335	0.0007165269080736213
329	0.0007165269080728992
301	0.0007121839646417521
307	0.0007121839646401719
315	0.0007121839646395242
310	0.0007121839646393393
318	0.0007121839646392324
321	0.0007121839646388473
313	0.0007121839646388058
309	0.0007121839646387624
317	0.0007121839646387385
320	0.0007121839646387322
311	0.000712183964638687
324	0.0007121839646386015
304	0.0007121839646385705
322	0.0007121839646385384
316	0.0007121839646384565
323	0.0007121839646381888
305	0.0007121839646380967
303	0.0007121839646380833
306	0.0007121839646380785
312	0.0007121839646378748
302	0.0007121839646378065
319	0.0007121839646375977
308	0.0007121839646371197
314	0.0007121839646371043
277	0.000707450528936277
280	0.0007074505289359366
293	0.0007074505289349326
285	0.000707450528934708
283	0.0007074505289345829
279	0.0007074505289344318
288	0.0007074505289344062
287	0.0007074505289343906
290	0.000707450528934306
295	0.0007074505289342924
297	0.0007074505289342766
298	0.0007074505289342703
294	0.0007074505289341824
299	0.0007074505289340833
292	0.000707450528933973
286	0.00070745052893397
296	0.0007074505289338765
281	0.0007074505289338757
291	0.000707450528933785
289	0.0007074505289335114
284	0.0007074505289334785
278	0.0007074505289330575
282	0.0007074505289323689
264	0.0007022808740754304
267	0.000702280874074432
256	0.0007022808740742157
265	0.0007022808740741808
257	0.000702280874073972
259	0.0007022808740738942
273	0.000702280874073728
261	0.000702280874073715
269	0.0007022808740736956
272	0.0007022808740736582
271	0.0007022808740736334
274	0.0007022808740736089
260	0.0007022808740735462
262	0.0007022808740735012
258	0.0007022808740734718
270	0.0007022808740734444
275	0.0007022808740733432
254	0.0007022808740731665
268	0.000702280874072942
266	0.0007022808740725441
255	0.000702280874072361
263	0.0007022808740723166
245	0.0006966223093800351
243	0.0006966223093799371
242	0.0006966223093798826
238	0.0006966223093798459
239	0.0006966223093798172
249	0.0006966223093798057
235	0.0006966223093796771
251	0.0006966223093794548
247	0.0006966223093792547
237	0.0006966223093792282
234	0.0006966223093791856
252	0.000696622309379159
248	0.0006966223093791419
233	0.0006966223093790517
246	0.0006966223093789173
241	0.0006966223093788955
232	0.0006966223093784448
250	0.0006966223093783139
236	0.0006966223093778647
244	0.0006966223093777399
240	0.0006966223093776704
214	0.0006904138373980553
212	0.0006904138373968038
218	0.0006904138373966601
223	0.0006904138373966435
216	0.0006904138373962223
222	0.0006904138373960867
229	0.0006904138373960675
219	0.0006904138373959803
225	0.0006904138373957214
227	0.0006904138373956141
230	0.0006904138373955981
226	0.0006904138373955793
220	0.0006904138373952898
228	0.0006904138373950055
221	0.0006904138373949538
217	0.0006904138373949307
224	0.0006904138373947645
211	0.0006904138373946832
213	0.0006904138373942099
215	0.000690413837393842
195	0.0006835844910797682
196	0.0006835844910797517
200	0.000683584491079205
199	0.0006835844910791345
202	0.0006835844910788772
204	0.0006835844910788664
209	0.0006835844910787901
192	0.0006835844910787385
207	0.0006835844910786272
203	0.000683584491078585
191	0.0006835844910785048
206	0.0006835844910784266
208	0.0006835844910783174
205	0.0006835844910782512
194	0.0006835844910780203
193	0.0006835844910778573
198	0.0006835844910778087
201	0.0006835844910776465
197	0.0006835844910775404
180	0.0006760512590486423
185	0.0006760512590485715
175	0.0006760512590484501
172	0.0006760512590484288
173	0.0006760512590484213
182	0.0006760512590482142
181	0.0006760512590481098
186	0.0006760512590479817
183	0.0006760512590479533
189	0.0006760512590479169
177	0.0006760512590478298
188	0.0006760512590477743
178	0.0006760512590477265
187	0.0006760512590477136
179	0.0006760512590475588
176	0.0006760512590475433
184	0.0006760512590473427
174	0.0006760512590470843
161	0.0006677164752188646
162	0.0006677164752187573
167	0.0006677164752187215
160	0.0006677164752186875
156	0.0006677164752186015
165	0.0006677164752185043
164	0.0006677164752184794
170	0.0006677164752182942
155	0.0006677164752181984
158	0.00066771647521812
157	0.000667716475218114
169	0.0006677164752180028
154	0.0006677164752178985
168	0.0006677164752176476
166	0.0006677164752172949
159	0.00066771647521714
163	0.0006677164752171179
140	0.000658464504862963
142	0.0006584645048622387
138	0.0006584645048619469
146	0.0006584645048619006
145	0.0006584645048614556
148	0.0006584645048613315
150	0.0006584645048610119
152	0.000658464504860994
151	0.0006584645048609765
149	0.0006584645048608238
144	0.0006584645048605379
143	0.0006584645048603668
147	0.0006584645048602566
137	0.0006584645048600639
141	0.0006584645048598978
139	0.0006584645048592118
130	0.000648157496233305
124	0.0006481574962332316
123	0.0006481574962329067
128	0.0006481574962327921
121	0.000648157496232737
133	0.0006481574962325672
126	0.0006481574962324794
135	0.0006481574962324792
132	0.0006481574962324459
134	0.0006481574962322867
127	0.0006481574962320858
131	0.0006481574962320751
125	0.0006481574962320598
129	0.0006481574962315928
122	0.0006481574962305398
109	0.0006366298761715459
112	0.0006366298761713758
107	0.0006366298761711462
116	0.000636629876171035
114	0.0006366298761707232
108	0.000636629876170684
119	0.0006366298761706612
110	0.0006366298761706479
117	0.0006366298761706464
118	0.0006366298761705227
115	0.0006366298761703175
113	0.0006366298761701286
111	0.0006366298761699913
106	0.0006366298761697329
92	0.0006236811352082545
101	0.0006236811352081572
93	0.0006236811352081017
98	0.0006236811352080842
95	0.0006236811352079894
103	0.0006236811352073955
94	0.0006236811352072668
104	0.0006236811352072347
100	0.0006236811352071419
96	0.0006236811352068186
99	0.0006236811352067972
97	0.0006236811352066891
102	0.0006236811352066585
79	0.000609066249746827
82	0.0006090662497464387
84	0.000609066249746054
89	0.0006090662497459022
90	0.000609066249745614
86	0.0006090662497455858
80	0.0006090662497455607
87	0.0006090662497454981
83	0.0006090662497453336
88	0.000609066249745311
85	0.0006090662497452967
81	0.0006090662497452419
74	0.0005924827883014134
70	0.000592482788301354
75	0.0005924827883012813
69	0.0005924827883012592
72	0.0005924827883011957
77	0.0005924827883009478
67	0.0005924827883008763
76	0.0005924827883008481
71	0.0005924827883007812
73	0.0005924827883007753
68	0.0005924827883003268
58	0.0005735532830028357
61	0.0005735532830022314
60	0.0005735532830022141
64	0.0005735532830019839
65	0.0005735532830019191
56	0.0005735532830017195
57	0.0005735532830015732
63	0.000573553283001467
62	0.0005735532830012755
59	0.0005735532830006086
47	0.0005518007090226262
52	0.0005518007090225672
51	0.0005518007090222022
48	0.0005518007090220198
50	0.0005518007090219143
54	0.0005518007090217955
46	0.0005518007090216168
53	0.000551800709021523
49	0.0005518007090213961
38	0.0005266137136073959
39	0.0005266137136073553
42	0.0005266137136073085
43	0.0005266137136072679
40	0.0005266137136072516
41	0.0005266137136071742
44	0.0005266137136071175
37	0.0005266137136065457
33	0.0004971962269908993
31	0.0004971962269907107
30	0.0004971962269904669
35	0.0004971962269902982
34	0.0004971962269902386
29	0.0004971962269899458
32	0.0004971962269893879
22	0.00046249261645846924
25	0.0004624926164581013
24	0.0004624926164577526
26	0.00046249261645770314
27	0.00046249261645769056
23	0.00046249261645760887
17	0.00042107332685397016
19	0.00042107332685347365
20	0.00042107332685336094
18	0.00042107332685320314
16	0.00042107332685287885
14	0.0003709543375798181
12	0.00037095433757968697
11	0.00037095433757954277
13	0.0003709543375791671
9	0.0003093010013876497
8	0.00030930100138752307
7	0.000309301001387221
4	0.00023191959481883926
5	0.0002319195948187989
2	0.00013233501302881018
