1	1.0633042571428497e-09
2	1.1406983864425957e-10
3	1.2108907140873093e-09
4	2.551572399547841e-10
5	2.5515733449721356e-10
6	1.4085851270106975e-09
7	4.458447083743877e-10
8	4.458446216382139e-10
9	4.4584465633268344e-10
10	1.7349851243186887e-09
11	7.615671218652587e-10
12	7.615665389981707e-10
13	7.615668252275443e-10
14	7.615666083871098e-10
15	2.3934815553128264e-09
16	1.4033560286064173e-09
17	1.4033558950327096e-09
18	1.4033553780851138e-09
19	1.4033557042131273e-09
20	1.4033556990089568e-09
21	3.3608249759564668e-09
22	2.363643676617233e-09
23	2.363643067729293e-09
24	2.3636434007962004e-09
25	2.3636435898810593e-09
26	2.363643272426663e-09
27	2.3636434632462455e-09
28	3.9418245161015886e-09
29	2.961959965491756e-09
30	2.9619600435543125e-09
31	2.9619599915126082e-09
32	2.961960019268184e-09
33	2.9619599706959265e-09
34	2.961960125086316e-09
35	2.9619599637570326e-09
36	3.078566575276387e-09
37	2.127325818973569e-09
38	2.1273254668247032e-09
39	2.1273258328513567e-09
40	2.1273254789677676e-09
41	2.1273257044818195e-09
42	2.1273257270332246e-09
43	2.1273256940734786e-09
44	2.1273256645831795e-09
45	5.242456815879315e-11
46	9.950293349686445e-10
47	9.950293557853263e-10
48	9.950295691563138e-10
49	9.950292551713646e-10
50	9.950294425215e-10
51	9.950294303784357e-10
52	9.950293748672845e-10
53	9.950293922145192e-10
54	9.950299716121602e-10
55	5.757001046019505e-09
56	6.738692227489795e-09
57	6.738692227489795e-09
58	6.738692227489795e-09
59	6.738692227489795e-09
60	6.738692227489795e-09
61	6.738692227489795e-09
62	6.738692227489795e-09
63	6.738692227489795e-09
64	6.738692227489795e-09
65	6.738692227489795e-09
