55	0.029776235758748437
45	0.029407818782361074
36	0.028952147516106877
28	0.028384090644362897
21	0.02766995766106109
15	0.026764326263167153
10	0.02560583836394153
6	0.02411202195873465
3	0.022173994453483697
1	0.019654098129075558
56	0.015488449954374
57	0.015488449954374
58	0.015488449954374
59	0.015488449954374
60	0.015488449954374
61	0.015488449954374
62	0.015488449954374
63	0.015488449954374
64	0.015488449954374
65	0.015488449954374
46	0.015121614356795583
47	0.015121614356795583
48	0.015121614356795583
49	0.015121614356795583
50	0.015121614356795583
51	0.015121614356795583
52	0.015121614356795583
53	0.015121614356795583
54	0.015121614356795583
37	0.014654829559791386
38	0.014654829559791386
39	0.014654829559791386
40	0.014654829559791386
41	0.014654829559791386
42	0.014654829559791386
43	0.014654829559791386
44	0.014654829559791386
29	0.014057465275829748
30	0.014057465275829748
31	0.014057465275829748
32	0.014057465275829748
33	0.014057465275829748
34	0.014057465275829748
35	0.014057465275829748
22	0.013287967111205804
23	0.013287967111205804
24	0.013287967111205804
25	0.013287967111205804
26	0.013287967111205804
27	0.013287967111205804
16	0.012289592384812099
17	0.012289592384812099
18	0.012289592384812099
19	0.012289592384812099
20	0.012289592384812099
11	0.01098460789888507
12	0.01098460789888507
13	0.01098460789888507
14	0.01098460789888507
7	0.009266832207370523
8	0.009266832207370523
9	0.009266832207370523
4	0.006993282411808698
5	0.006993282411808698
2	0.003978290672352705
