55	0.029776241515749483
45	0.029407818834785642
36	0.0289521444375403
28	0.02838408670253838
21	0.027669954300236114
15	0.026764323869685597
10	0.025605836628956404
6	0.024112020550149525
3	0.022173993242592983
1	0.0196540970657713
56	0.015488456693066227
57	0.015488456693066227
58	0.015488456693066227
59	0.015488456693066227
60	0.015488456693066227
61	0.015488456693066227
62	0.015488456693066227
63	0.015488456693066227
64	0.015488456693066227
65	0.015488456693066227
54	0.015121615351825555
48	0.015121615351825152
50	0.015121615351825025
51	0.015121615351825013
53	0.015121615351824975
52	0.015121615351824958
47	0.015121615351824939
46	0.015121615351824918
49	0.015121615351824838
38	0.01465482743246592
40	0.014654827432465907
44	0.014654827432465722
43	0.014654827432465692
41	0.014654827432465682
42	0.01465482743246566
37	0.014654827432465567
39	0.014654827432465553
35	0.014057462313869784
29	0.014057462313869782
33	0.014057462313869777
31	0.014057462313869756
32	0.014057462313869729
30	0.014057462313869704
34	0.014057462313869623
23	0.013287964747562737
26	0.013287964747562532
24	0.013287964747562404
27	0.013287964747562341
25	0.013287964747562215
22	0.013287964747562128
18	0.012289590981456721
20	0.0122895909814564
19	0.012289590981456395
17	0.012289590981456204
16	0.01228959098145607
12	0.01098460713731853
14	0.01098460713731846
13	0.010984607137318244
11	0.010984607137317947
8	0.009266831761525901
9	0.009266831761525866
7	0.009266831761525814
4	0.006993282156651458
5	0.006993282156651364
2	0.003978290558282867
