1	3.249974178665127e-10
2	2.2839234843641254e-11
3	3.5237947455801777e-10
4	4.914091486160621e-11
5	4.914105363948429e-11
6	3.850404647898209e-10
7	8.066582037752346e-11
8	8.066559139402463e-11
9	8.06656044044507e-11
10	4.2672639727348027e-10
11	1.2100885224408664e-10
12	1.2100929806801997e-10
13	1.2100905780881854e-10
14	1.210089771441769e-10
15	4.890836312332336e-10
16	1.8125887336212232e-10
17	1.8125868254253996e-10
18	1.8125860447998354e-10
19	1.8125878749331026e-10
20	1.812585784591314e-10
21	5.951472509257982e-10
22	2.84016319143654e-10
23	2.840167415488204e-10
24	2.8401678144746034e-10
25	2.84016408481913e-10
26	2.840166660883492e-10
27	2.8401685430584633e-10
28	7.548503714455146e-10
29	4.4034717625734965e-10
30	4.4034770881745677e-10
31	4.403473852915285e-10
32	4.4034759606043083e-10
33	4.403474382005945e-10
34	4.40347512793704e-10
35	4.403475336103857e-10
36	9.374219421542929e-10
37	6.214958339634258e-10
38	6.214957576355928e-10
39	6.214958617190014e-10
40	6.214955182437532e-10
41	6.214959449857282e-10
42	6.214957506966989e-10
43	6.214956570216312e-10
44	6.214957793196363e-10
45	1.0777180276672071e-09
46	7.633715552041176e-10
47	7.633710582058417e-10
48	7.633710963697582e-10
49	7.633712099941459e-10
50	7.633712915261492e-10
51	7.63370948050901e-10
52	7.633711900448259e-10
53	7.633710798898852e-10
54	7.633711093801843e-10
55	1.1039902828718917e-09
56	7.936770216737665e-10
57	7.936773304545452e-10
58	7.936772888211818e-10
59	7.936773504038652e-10
60	7.936771405023246e-10
61	7.936771838704115e-10
62	7.936772523919888e-10
63	7.936772706065853e-10
64	7.936772888211818e-10
65	7.936773764247174e-10
66	9.614284958436858e-10
67	6.56024522031895e-10
68	6.560243008546518e-10
69	6.560243537637178e-10
70	6.560244300915508e-10
71	6.560244413672534e-10
72	6.560240692690678e-10
73	6.56024502082575e-10
74	6.56024306926184e-10
75	6.560243008546518e-10
76	6.560243147324396e-10
77	6.560243997338899e-10
78	6.219124781131624e-10
79	3.205205111739273e-10
80	3.20520750565767e-10
81	3.2052024662859724e-10
82	3.205205423989499e-10
83	3.205203342321328e-10
84	3.205206091858037e-10
85	3.2052046173430826e-10
86	3.2052052071490644e-10
87	3.2052044959124393e-10
88	3.2052049295933083e-10
89	3.205204079578805e-10
90	3.2052047994890476e-10
91	8.278736030042921e-11
92	2.1689062351670785e-10
93	2.168908689800797e-10
94	2.168907709682033e-10
95	2.1689078397862938e-10
96	2.1689074061054248e-10
97	2.1689074668207464e-10
98	2.1689083081616323e-10
99	2.1689072326330772e-10
100	2.1689074061054248e-10
101	2.168907779070972e-10
102	2.1689078397862938e-10
103	2.168907276001164e-10
104	2.1689082474463106e-10
105	6.396034916977822e-10
106	9.406875920575652e-10
107	9.406879398696222e-10
108	9.40687751652125e-10
109	9.40687702212506e-10
110	9.406877958875737e-10
111	9.406877689993598e-10
112	9.406878522660866e-10
113	9.40687827979958e-10
114	9.406877360396138e-10
115	9.406878002243824e-10
116	9.406878262452345e-10
117	9.40687742111146e-10
118	9.406877984896589e-10
119	9.40687758591019e-10
120	1.5173789672667803e-09
121	1.8232576585661131e-09
122	1.8232576585661131e-09
123	1.8232576585661131e-09
124	1.8232576585661131e-09
125	1.8232576585661131e-09
126	1.8232576585661131e-09
127	1.8232576585661131e-09
128	1.8232576585661131e-09
129	1.8232576585661131e-09
130	1.8232576585661131e-09
131	1.8232576585661131e-09
132	1.8232576585661131e-09
133	1.8232576585661131e-09
134	1.8232576585661131e-09
135	1.8232576585661131e-09
