120	0.0149744876919065
105	0.014891988326760483
91	0.014795655529280019
78	0.014682622768984015
66	0.014549288485830352
55	0.014391088778346486
45	0.014202187608625688
36	0.013975050427706656
28	0.013699851677759176
21	0.013363644023835193
15	0.01294918463160579
10	0.012433268748469551
6	0.0117843638430835
3	0.010959281910152727
1	0.00989862678758284
121	0.007500087951511238
122	0.007500087951511238
123	0.007500087951511238
124	0.007500087951511238
125	0.007500087951511238
126	0.007500087951511238
127	0.007500087951511238
128	0.007500087951511238
129	0.007500087951511238
130	0.007500087951511238
131	0.007500087951511238
132	0.007500087951511238
133	0.007500087951511238
134	0.007500087951511238
135	0.007500087951511238
106	0.00741852477668851
107	0.00741852477668851
108	0.00741852477668851
109	0.00741852477668851
110	0.00741852477668851
111	0.00741852477668851
112	0.00741852477668851
113	0.00741852477668851
114	0.00741852477668851
115	0.00741852477668851
116	0.00741852477668851
117	0.00741852477668851
118	0.00741852477668851
119	0.00741852477668851
92	0.007321322437656011
93	0.007321322437656011
94	0.007321322437656011
95	0.007321322437656011
96	0.007321322437656011
97	0.007321322437656011
98	0.007321322437656011
99	0.007321322437656011
100	0.007321322437656011
101	0.007321322437656011
102	0.007321322437656011
103	0.007321322437656011
104	0.007321322437656011
79	0.007205071620473966
80	0.007205071620473966
81	0.007205071620473966
82	0.007205071620473966
83	0.007205071620473966
84	0.007205071620473966
85	0.007205071620473966
86	0.007205071620473966
87	0.007205071620473966
88	0.007205071620473966
89	0.007205071620473966
90	0.007205071620473966
67	0.007065462958563758
68	0.007065462958563758
69	0.007065462958563758
70	0.007065462958563758
71	0.007065462958563758
72	0.007065462958563758
73	0.007065462958563758
74	0.007065462958563758
75	0.007065462958563758
76	0.007065462958563758
77	0.007065462958563758
56	0.0068970027776968
57	0.0068970027776968
58	0.0068970027776968
59	0.0068970027776968
60	0.0068970027776968
61	0.0068970027776968
62	0.0068970027776968
63	0.0068970027776968
64	0.0068970027776968
65	0.0068970027776968
46	0.0066926238258503525
47	0.0066926238258503525
48	0.0066926238258503525
49	0.0066926238258503525
50	0.0066926238258503525
51	0.0066926238258503525
52	0.0066926238258503525
53	0.0066926238258503525
54	0.0066926238258503525
37	0.006443146787559881
38	0.006443146787559881
39	0.006443146787559881
40	0.006443146787559881
41	0.006443146787559881
42	0.006443146787559881
43	0.006443146787559881
44	0.006443146787559881
29	0.006136527917155529
30	0.006136527917155529
31	0.006136527917155529
32	0.006136527917155529
33	0.006136527917155529
34	0.006136527917155529
35	0.006136527917155529
22	0.0057567978502920895
23	0.0057567978502920895
24	0.0057567978502920895
25	0.0057567978502920895
26	0.0057567978502920895
27	0.0057567978502920895
16	0.0052825524234058905
17	0.0052825524234058905
18	0.0052825524234058905
19	0.0052825524234058905
20	0.0052825524234058905
11	0.004684793695489028
12	0.004684793695489028
13	0.004684793695489028
14	0.004684793695489028
7	0.003923836889927018
8	0.003923836889927018
9	0.003923836889927018
4	0.002944909516737355
5	0.002944909516737355
2	0.0016720333001635185
