120	0.014974489209285468
105	0.014891988966363975
91	0.014795655446492658
78	0.014682622147071537
66	0.014549287524401856
55	0.014391087674356203
45	0.01420218653090766
36	0.013975049490284714
28	0.013699850922908804
21	0.013363643428687942
15	0.012949184142522158
10	0.012433268321743154
6	0.011784363458043035
3	0.010959281557773252
1	0.009898626462585422
121	0.007500089774768896
122	0.007500089774768896
123	0.007500089774768896
124	0.007500089774768896
125	0.007500089774768896
126	0.007500089774768896
127	0.007500089774768896
128	0.007500089774768896
129	0.007500089774768896
130	0.007500089774768896
131	0.007500089774768896
132	0.007500089774768896
133	0.007500089774768896
134	0.007500089774768896
135	0.007500089774768896
107	0.0074185257173764495
112	0.007418525717376362
113	0.007418525717376338
116	0.007418525717376336
115	0.00741852571737631
118	0.007418525717376308
110	0.0074185257173763055
111	0.007418525717376279
119	0.007418525717376268
108	0.007418525717376261
117	0.007418525717376252
114	0.007418525717376246
109	0.007418525717376212
106	0.007418525717376102
93	0.00732132265454688
98	0.007321322654546842
104	0.007321322654546836
95	0.007321322654546795
102	0.007321322654546795
101	0.007321322654546789
94	0.007321322654546782
97	0.007321322654546758
96	0.007321322654546752
100	0.007321322654546752
103	0.007321322654546739
99	0.007321322654546734
92	0.007321322654546635
81	0.007205071299953719
83	0.007205071299953632
89	0.007205071299953558
87	0.007205071299953516
85	0.007205071299953504
90	0.007205071299953486
88	0.007205071299953473
79	0.007205071299953455
86	0.007205071299953445
82	0.007205071299953424
84	0.007205071299953357
80	0.0072050712999532154
72	0.007065462302539688
68	0.007065462302539457
75	0.007065462302539457
74	0.007065462302539451
76	0.007065462302539443
69	0.007065462302539404
77	0.007065462302539358
70	0.007065462302539328
71	0.007065462302539316
73	0.007065462302539256
67	0.007065462302539236
56	0.006897001984019779
60	0.00689700198401966
61	0.0068970019840196165
62	0.006897001984019548
63	0.00689700198401953
58	0.0068970019840195115
64	0.0068970019840195115
57	0.00689700198401947
59	0.00689700198401945
65	0.006897001984019424
51	0.0066926230624794044
47	0.006692623062479294
53	0.006692623062479273
48	0.006692623062479256
54	0.006692623062479243
52	0.0066926230624791624
49	0.0066926230624791425
50	0.006692623062479061
46	0.006692623062478797
40	0.006443146166064363
43	0.006443146166064224
42	0.006443146166064131
38	0.006443146166064124
44	0.006443146166064102
37	0.006443146166064047
39	0.00644314616606402
41	0.006443146166063936
29	0.0061365274768083525
31	0.0061365274768081434
33	0.0061365274768080905
34	0.006136527476808016
35	0.006136527476807995
32	0.006136527476807933
30	0.00613652747680782
22	0.00575679756627577
25	0.005756797566275681
26	0.005756797566275423
23	0.005756797566275348
24	0.005756797566275308
27	0.005756797566275235
20	0.005282552242147312
18	0.005282552242147286
17	0.005282552242147208
19	0.005282552242147103
16	0.005282552242147017
11	0.004684793574480176
14	0.004684793574480051
13	0.00468479357447997
12	0.00468479357447973
8	0.003923836809261427
9	0.003923836809261414
7	0.003923836809261198
4	0.00294490946759644
5	0.0029449094675963014
2	0.0016720332773242836
