1	6.0654187158948325e-09
2	1.3701350123906941e-09
3	8.461372325019312e-09
4	3.679743097034782e-09
5	3.679743038054184e-09
6	1.53212841719208e-08
7	1.0441988260168067e-08
8	1.0441988280984749e-08
9	1.0441988280984749e-08
10	2.6662508714747624e-08
11	2.2071351989116916e-08
12	2.207135190585019e-08
13	2.2071351843400144e-08
14	2.2071351725438948e-08
15	2.6360022720162135e-08
16	3.169831098298603e-08
17	3.169831098298603e-08
18	3.169831098298603e-08
19	3.169831098298603e-08
20	3.169831098298603e-08
