1	3.69493140511129e-12
2	6.303625969730081e-14
3	3.762885402575078e-12
4	1.2948772913287665e-13
5	1.2943137772496172e-13
6	3.834527638989227e-12
7	1.9933547542629049e-13
8	1.9964244016637545e-13
9	1.9956657311935577e-13
10	3.91097473417118e-12
11	2.741762437745432e-13
12	2.7449169239662785e-13
13	2.7436489495255567e-13
14	2.7426189574616955e-13
15	3.9930727994963444e-12
16	3.550712783691179e-13
17	3.540703429234793e-13
18	3.551505335479266e-13
19	3.542871833579764e-13
20	3.547868379291663e-13
21	4.08231413083493e-12
22	4.410884634972745e-13
23	4.421474037591411e-13
24	4.422030233305896e-13
25	4.4191066821477887e-13
26	4.419339243513787e-13
27	4.420089511417147e-13
28	4.1839504950902384e-12
29	5.412442412658369e-13
30	5.407310341674909e-13
31	5.40819179804114e-13
32	5.409542713948057e-13
33	5.407865453187222e-13
34	5.410999881667877e-13
35	5.411181485531769e-13
36	4.307714775164673e-12
37	6.605785254736041e-13
38	6.615521390244961e-13
39	6.603395673147883e-13
40	6.610413713810381e-13
41	6.612196684283034e-13
42	6.614221973941237e-13
43	6.606455291678637e-13
44	6.61069235376871e-13
45	4.468370335200533e-12
46	8.159101107414746e-13
47	8.158179535568133e-13
48	8.162547244019991e-13
49	8.164990493615687e-13
50	8.163211859951724e-13
51	8.154391333177469e-13
52	8.162525017875455e-13
53	8.157166890739032e-13
54	8.163878102186717e-13
55	4.681362068825745e-12
56	1.0217686072233612e-12
57	1.020673834079694e-12
58	1.021389461723643e-12
59	1.0214191146530605e-12
60	1.0217314732989535e-12
61	1.0210613279361402e-12
62	1.0213182296409107e-12
63	1.0212009731759564e-12
64	1.02174974210556e-12
65	1.0214291977332646e-12
66	4.958098168139635e-12
67	1.2887211371832852e-12
68	1.2880013895710807e-12
69	1.2892206833342579e-12
70	1.2880109305501986e-12
71	1.2891012584649586e-12
72	1.2883311496618421e-12
73	1.2885856661218331e-12
74	1.28813263224406e-12
75	1.2889551622222162e-12
76	1.2886917010943022e-12
77	1.2887580542672583e-12
78	5.30178830525363e-12
79	1.6214391483117263e-12
80	1.6214439188012852e-12
81	1.6210742600705763e-12
82	1.6219728468311323e-12
83	1.6210228146774919e-12
84	1.6218002960553812e-12
85	1.620988174418081e-12
86	1.622227254870906e-12
87	1.6212773853475915e-12
88	1.6211669593563238e-12
89	1.6217448391142586e-12
90	1.621871744978548e-12
91	5.707507166538561e-12
92	2.0143480525085244e-12
93	2.015925241408839e-12
94	2.0170537874501793e-12
95	2.015338200142547e-12
96	2.01655331972736e-12
97	2.015664978677334e-12
98	2.0165676854061454e-12
99	2.0158755307392306e-12
100	2.0161058152806666e-12
101	2.0164313469829553e-12
102	2.015930282948941e-12
103	2.015966820562154e-12
104	2.0159524548833685e-12
105	6.164463254090813e-12
106	2.464331147998544e-12
107	2.460710129582877e-12
108	2.4622852042889554e-12
109	2.462126693931338e-12
110	2.46204505350775e-12
111	2.4625106641307237e-12
112	2.462726040892288e-12
113	2.4609189469212978e-12
114	2.462561133741853e-12
115	2.462133632825242e-12
116	2.4619617325707943e-12
117	2.4621656167893302e-12
118	2.46242766845442e-12
119	2.4621237665854723e-12
120	6.656075864086564e-12
121	2.9451513927289397e-12
122	2.9438582647978162e-12
123	2.9435826063954618e-12
124	2.9442464633856746e-12
125	2.9448125253399293e-12
126	2.944664965424254e-12
127	2.943334974619266e-12
128	2.944831769928491e-12
129	2.9432503526397036e-12
130	2.9450452493362533e-12
131	2.9438141919795047e-12
132	2.9443121660373273e-12
133	2.9442518301864284e-12
134	2.944179622321741e-12
135	2.944471923227443e-12
136	7.163921149008767e-12
137	3.4423516012509203e-12
138	3.4446755343975344e-12
139	3.4445593621347526e-12
140	3.4439045040225713e-12
141	3.4445468395996603e-12
142	3.4438713274360933e-12
143	3.444876545480313e-12
144	3.44383874716081e-12
145	3.4442825111100084e-12
146	3.4444915994989722e-12
147	3.44355148779521e-12
148	3.4442305236158377e-12
149	3.4445326365512008e-12
150	3.4446089643841438e-12
151	3.4438115336862807e-12
152	3.444164820964185e-12
153	7.670164633641341e-12
154	3.943893768423162e-12
155	3.943681535847898e-12
156	3.946395564936173e-12
157	3.942823552458702e-12
158	3.944386213049905e-12
159	3.945824461441816e-12
160	3.943584879224221e-12
161	3.945338630448325e-12
162	3.9437592731436655e-12
163	3.944197832922436e-12
164	3.944766171701253e-12
165	3.945462608966749e-12
166	3.943551865268069e-12
167	3.944980410050536e-12
168	3.944304572626317e-12
169	3.9444539756856856e-12
170	3.944193496113746e-12
171	8.157741409470232e-12
172	4.429165964114218e-12
173	4.426333214888056e-12
174	4.428814303139572e-12
175	4.428435591320723e-12
176	4.42804560379928e-12
177	4.428264612638122e-12
178	4.4284864404026125e-12
179	4.428072112542397e-12
180	4.4283322126435765e-12
181	4.428473701027086e-12
182	4.427237331079692e-12
183	4.4285843980688966e-12
184	4.428293235575476e-12
185	4.428134942058293e-12
186	4.428221461391657e-12
187	4.4283062460015454e-12
188	4.427859066815504e-12
189	4.4284164551523786e-12
190	8.611808965594547e-12
191	4.879121032978079e-12
192	4.881706909369565e-12
193	4.880343904608425e-12
194	4.880222582385324e-12
195	4.87946342402415e-12
196	4.8809492688914324e-12
197	4.88115743570855e-12
198	4.880758015628206e-12
199	4.8806517638153024e-12
200	4.880325310541167e-12
201	4.8813089529621545e-12
202	4.879575096847916e-12
203	4.88084453496157e-12
204	4.880886602005863e-12
205	4.880487669816497e-12
206	4.8800531215857645e-12
207	4.880728037438137e-12
208	4.880647210166178e-12
209	4.879858290455369e-12
210	9.020596769548916e-12
211	5.291611062090834e-12
212	5.288938883206418e-12
213	5.289598457598049e-12
214	5.290055394603643e-12
215	5.290133294529736e-12
216	5.2875235114803465e-12
217	5.290088788030556e-12
218	5.289272871685652e-12
219	5.289272980105869e-12
220	5.2891804434504475e-12
221	5.288647774923105e-12
222	5.288606900501203e-12
223	5.290021079604884e-12
224	5.290018531729779e-12
225	5.289066222751576e-12
226	5.288900014558534e-12
227	5.28936004154032e-12
228	5.2893951154806e-12
229	5.289434688859895e-12
230	5.289413709547858e-12
231	9.37494830030583e-12
232	5.6446965157608275e-12
233	5.646326342676616e-12
234	5.647752935895173e-12
235	5.644128393822445e-12
236	5.645815087142181e-12
237	5.645638307977957e-12
238	5.646772708711029e-12
239	5.644561098909484e-12
240	5.644647401402414e-12
241	5.646914739195624e-12
242	5.645310987342084e-12
243	5.645069156047511e-12
244	5.6465536998721866e-12
245	5.645131280831994e-12
246	5.645643349518059e-12
247	5.6463603866248324e-12
248	5.645039503118093e-12
249	5.64519763400495e-12
250	5.646475745735985e-12
251	5.645661238853905e-12
252	5.645421142282808e-12
253	9.668326902967372e-12
254	5.944127839680596e-12
255	5.940747188886569e-12
256	5.944225472086229e-12
257	5.942312993664073e-12
258	5.94062461983097e-12
259	5.943473848930153e-12
260	5.941951303819332e-12
261	5.942627032823333e-12
262	5.941705406766612e-12
263	5.942236177940152e-12
264	5.942808528267007e-12
265	5.942211349710402e-12
266	5.943097197095432e-12
267	5.942039503666063e-12
268	5.941996569260033e-12
269	5.9431743922901126e-12
270	5.942184840967285e-12
271	5.9425708711507985e-12
272	5.942064277685705e-12
273	5.941975156267126e-12
274	5.942897053374391e-12
275	5.942060049297232e-12
276	9.89679583944525e-12
277	6.176375491780128e-12
278	6.1762573137433274e-12
279	6.176329901078775e-12
280	6.1734348644378045e-12
281	6.176597590595162e-12
282	6.174634371511334e-12
283	6.175860983639175e-12
284	6.1747626868384475e-12
285	6.176508414966475e-12
286	6.175689083384728e-12
287	6.174502749367594e-12
288	6.175029292152662e-12
289	6.176000466248666e-12
290	6.175553558113167e-12
291	6.174027543555394e-12
292	6.175189591443864e-12
293	6.1767159854723974e-12
294	6.17513180346807e-12
295	6.1762385570457434e-12
296	6.174367549356685e-12
297	6.175755707608227e-12
298	6.175474031883815e-12
299	6.175361762748854e-12
300	1.0058237229215727e-11
301	6.344108181496888e-12
302	6.3410823900739155e-12
303	6.3437315296621666e-12
304	6.3417380071276175e-12
305	6.3429886343335795e-12
306	6.341623190117551e-12
307	6.3430832851832375e-12
308	6.3427260405674035e-12
309	6.342484263482939e-12
310	6.3417410428937004e-12
311	6.341975881084261e-12
312	6.342918703293454e-12
313	6.341387484565253e-12
314	6.343255348068011e-12
315	6.342407827229779e-12
316	6.342243679020865e-12
317	6.342440678555605e-12
318	6.342268181989963e-12
319	6.342022718618112e-12
320	6.342338004609871e-12
321	6.342702838640912e-12
322	6.342002986138573e-12
323	6.3426706378363895e-12
324	6.342331390976619e-12
325	1.0152204597824177e-11
326	6.442124936799354e-12
327	6.441838382165166e-12
328	6.444309821017347e-12
329	6.441829383287134e-12
330	6.442574338599849e-12
331	6.44356887725267e-12
332	6.442272821975681e-12
333	6.4422307549313884e-12
334	6.442091543372441e-12
335	6.443601728578496e-12
336	6.443408306910925e-12
337	6.441333252373005e-12
338	6.4421994214886036e-12
339	6.44307946839201e-12
340	6.4417238904157514e-12
341	6.443212391578357e-12
342	6.442253740017445e-12
343	6.442332236254733e-12
344	6.4427764338848e-12
345	6.44290924865093e-12
346	6.442083845537017e-12
347	6.4425461493433644e-12
348	6.4425060338629825e-12
349	6.442487927686702e-12
350	6.442512105395148e-12
351	1.0180484276769985e-11
352	6.4785618276302914e-12
353	6.477847121558189e-12
354	6.477985032074529e-12
355	6.476338562655393e-12
356	6.477911740007669e-12
357	6.478273755113062e-12
358	6.475298921192196e-12
359	6.479043104974658e-12
360	6.476975314591293e-12
361	6.477402164986601e-12
362	6.477472096026726e-12
363	6.477678202859716e-12
364	6.477172747806903e-12
365	6.477266531294823e-12
366	6.477616511756101e-12
367	6.477639388421941e-12
368	6.477517307257319e-12
369	6.476914165588765e-12
370	6.4781989451631605e-12
371	6.477275963853724e-12
372	6.477517307257319e-12
373	6.477699670062731e-12
374	6.477491069564745e-12
375	6.477142715406725e-12
376	6.477740652904851e-12
377	6.477354351670794e-12
378	1.014479559385828e-11
379	6.4472925696140715e-12
380	6.450082330224094e-12
381	6.447747392425429e-12
382	6.449679874377667e-12
383	6.447315337859694e-12
384	6.450411385583443e-12
385	6.44842198301715e-12
386	6.448485950945326e-12
387	6.448890683616315e-12
388	6.4498701518589385e-12
389	6.447583461056949e-12
390	6.4500943648682085e-12
391	6.4467237971543856e-12
392	6.449142869041635e-12
393	6.449195561267218e-12
394	6.4485061171057345e-12
395	6.448972215619686e-12
396	6.448609875253641e-12
397	6.448258268489104e-12
398	6.449385838748489e-12
399	6.4488027548201265e-12
400	6.4483142133212046e-12
401	6.448680673655505e-12
402	6.4488598922746165e-12
403	6.448237451807393e-12
404	6.44936057683787e-12
405	6.4486701568944316e-12
406	1.0048333476050941e-11
407	6.3584501162547435e-12
408	6.3606289289405704e-12
409	6.3578180263881845e-12
410	6.359874432648738e-12
411	6.359767638734748e-12
412	6.358421059636521e-12
413	6.3596117304623445e-12
414	6.36030030726209e-12
415	6.3582729576197594e-12
416	6.358328251930556e-12
417	6.360041725043952e-12
418	6.3596160672710345e-12
419	6.358578594212183e-12
420	6.3594010699802306e-12
421	6.359428717135629e-12
422	6.358847259510525e-12
423	6.359811115241865e-12
424	6.358321313036652e-12
425	6.359779022857559e-12
426	6.3598001647999225e-12
427	6.359227163951764e-12
428	6.358218639090918e-12
429	6.360386284494368e-12
430	6.358867208830499e-12
431	6.359115057447129e-12
432	6.359441510721264e-12
433	6.3589888563142516e-12
434	6.359085892408689e-12
435	9.895473112794817e-12
436	6.21345531449935e-12
437	6.2155214785794555e-12
438	6.211751924466158e-12
439	6.214490185472987e-12
440	6.2114983295780135e-12
441	6.213341473271239e-12
442	6.2139105709915765e-12
443	6.214133374538022e-12
444	6.21249698819909e-12
445	6.213639195187803e-12
446	6.213250725549402e-12
447	6.21333355859538e-12
448	6.21363420785781e-12
449	6.2136523140340905e-12
450	6.212809672105635e-12
451	6.2133526405536155e-12
452	6.214441287955008e-12
453	6.211811447165427e-12
454	6.213863408197073e-12
455	6.212912020790717e-12
456	6.2137579153256906e-12
457	6.213737640745065e-12
458	6.213309814567802e-12
459	6.2133217407917e-12
460	6.2128125994515004e-12
461	6.213912847816139e-12
462	6.213158676784958e-12
463	6.2134595428878225e-12
464	6.213550182189442e-12
465	9.689526308045981e-12
466	6.0127823943781356e-12
467	6.01372478290646e-12
468	6.015967455100246e-12
469	6.013337180629796e-12
470	6.013835263107836e-12
471	6.015514692273016e-12
472	6.01361798899247e-12
473	6.014476026591775e-12
474	6.013852176661727e-12
475	6.014544873429728e-12
476	6.013852176661727e-12
477	6.01438560413059e-12
478	6.014690048100624e-12
479	6.014253656726198e-12
480	6.0146131781665946e-12
481	6.0138929426634125e-12
482	6.0145782668566405e-12
483	6.01421299914473e-12
484	6.014493265406318e-12
485	6.014204108686916e-12
486	6.014399156657746e-12
487	6.0137891845155056e-12
488	6.014577074234251e-12
489	6.014499120098049e-12
490	6.0138549955873755e-12
491	6.0147496792201105e-12
492	6.013759368955762e-12
493	6.0143221783034995e-12
494	6.0144948917095764e-12
495	6.0143972050938355e-12
496	9.434796910748333e-12
497	5.763816182148551e-12
498	5.7668466356408654e-12
499	5.7669365160009645e-12
500	5.766696798900628e-12
501	5.764867424574993e-12
502	5.764491314841358e-12
503	5.767778615828334e-12
504	5.7648383679567705e-12
505	5.767888228667972e-12
506	5.765397816277773e-12
507	5.767190761410412e-12
508	5.764113036703378e-12
509	5.766741684870569e-12
510	5.766254444414254e-12
511	5.765863806371507e-12
512	5.766037278719105e-12
513	5.765917908059914e-12
514	5.766211943689092e-12
515	5.765585274833396e-12
516	5.766874716477133e-12
517	5.766105691876189e-12
518	5.765685129853482e-12
519	5.766026761958032e-12
520	5.765578335939492e-12
521	5.76629043992638e-12
522	5.7666551655372045e-12
523	5.766361238328244e-12
524	5.765880611505181e-12
525	5.765454628471611e-12
526	5.7664113284686125e-12
527	5.76652885598411e-12
528	9.13620546404148e-12
529	5.470482248616515e-12
530	5.4766347706847185e-12
531	5.4709190736718094e-12
532	5.475220103690059e-12
533	5.473430194323503e-12
534	5.4734539383510805e-12
535	5.47452025118772e-12
536	5.4726282099765156e-12
537	5.473833625951885e-12
538	5.4743499230264225e-12
539	5.474807781603863e-12
540	5.47295390430913e-12
541	5.473637927459751e-12
542	5.474644175496035e-12
543	5.4725331254459886e-12
544	5.4753244039390525e-12
545	5.472305009308898e-12
546	5.475464808120389e-12
547	5.472931027643291e-12
548	5.474307964402347e-12
549	5.4731053673526264e-12
550	5.47374515505461e-12
551	5.47324392839027e-12
552	5.4742840035343354e-12
553	5.473420978605037e-12
554	5.4739016054281e-12
555	5.4740631515518e-12
556	5.473634891693668e-12
557	5.473535687194886e-12
558	5.474083426132426e-12
559	5.473409594482226e-12
560	5.473709593223353e-12
561	8.797902727522566e-12
562	5.1406352048408155e-12
563	5.1411002191525945e-12
564	5.1427857198499405e-12
565	5.140570369550901e-12
566	5.141416589346526e-12
567	5.140725410461566e-12
568	5.142912788344556e-12
569	5.138934742153489e-12
570	5.142192227580722e-12
571	5.1425920813419346e-12
572	5.139027224598802e-12
573	5.14265214614229e-12
574	5.141364764482681e-12
575	5.1409902810523045e-12
576	5.142325259187286e-12
577	5.140567333784818e-12
578	5.140866139903555e-12
579	5.141662377979028e-12
580	5.141931802218891e-12
581	5.140845214801626e-12
582	5.1415268527074676e-12
583	5.141261765276295e-12
584	5.1407229167965696e-12
585	5.141870327955711e-12
586	5.140811604534279e-12
587	5.141179691171838e-12
588	5.1416267077275535e-12
589	5.141565450304808e-12
590	5.14098139059449e-12
591	5.141062814177644e-12
592	5.141163753399902e-12
593	5.141229456051555e-12
594	5.141380485414182e-12
595	8.423657387943151e-12
596	4.7733450221978946e-12
597	4.773304364616426e-12
598	4.770865668669855e-12
599	4.772257567418892e-12
600	4.772316222756423e-12
601	4.771586121013471e-12
602	4.772783730733199e-12
603	4.773152359471844e-12
604	4.772180914325297e-12
605	4.772601801608656e-12
606	4.7717427882273955e-12
607	4.773131109109263e-12
608	4.772271553626917e-12
609	4.7727770086797294e-12
610	4.772636929759044e-12
611	4.771767291196494e-12
612	4.772837724001389e-12
613	4.772688971463324e-12
614	4.772330859485752e-12
615	4.7718173813368625e-12
616	4.772696669298748e-12
617	4.772865045896135e-12
618	4.772012754568344e-12
619	4.772556048276977e-12
620	4.772453699591894e-12
621	4.773227928363266e-12
622	4.771732705147191e-12
623	4.772195008953539e-12
624	4.77245109750668e-12
625	4.772582285969551e-12
626	4.772433099750617e-12
627	4.772022187127245e-12
628	4.77276399825366e-12
629	4.772290852425587e-12
630	8.01790188062479e-12
631	4.371538829713029e-12
632	4.3720207575786985e-12
633	4.370745627403638e-12
634	4.372386458971478e-12
635	4.37103716936782e-12
636	4.371915806808402e-12
637	4.370847325567417e-12
638	4.371901170079073e-12
639	4.371395931866695e-12
640	4.372123106263781e-12
641	4.371025459984357e-12
642	4.37185834409326e-12
643	4.372880855162131e-12
644	4.3699823490742085e-12
645	4.371607026029678e-12
646	4.371455779826616e-12
647	4.371534926585208e-12
648	4.37240369778602e-12
649	4.371843490523497e-12
650	4.371246311966892e-12
651	4.370949132151414e-12
652	4.372380279019095e-12
653	4.3711049320036e-12
654	4.37180554344746e-12
655	4.37196080119856e-12
656	4.371040855655206e-12
657	4.371701351618684e-12
658	4.3718615966997776e-12
659	4.371398642372126e-12
660	4.3720552352077835e-12
661	4.371229181572567e-12
662	4.3716796675752345e-12
663	4.371692569581087e-12
664	4.371620036455748e-12
665	4.371771391079027e-12
666	7.58500467296086e-12
667	3.941899649577418e-12
668	3.944922296814091e-12
669	3.942799754221016e-12
670	3.941947029212356e-12
671	3.94328623573581e-12
672	3.9441160840786305e-12
673	3.942482408245129e-12
674	3.942371494362884e-12
675	3.944491543290962e-12
676	3.944145032276636e-12
677	3.942314356908394e-12
678	3.942401526763062e-12
679	3.943282007347337e-12
680	3.943199282721577e-12
681	3.94336267198897e-12
682	3.942915330172603e-12
683	3.9435869934184575e-12
684	3.943322556508588e-12
685	3.943766428878004e-12
686	3.94269675501463e-12
687	3.943146915756646e-12
688	3.943842323030078e-12
689	3.9425208974222525e-12
690	3.943426639917147e-12
691	3.9431101613029984e-12
692	3.943613664791901e-12
693	3.943382729729161e-12
694	3.943111245505171e-12
695	3.94355576839589e-12
696	3.9434094011026044e-12
697	3.943506870877911e-12
698	3.9426334376077565e-12
699	3.944004085994213e-12
700	3.94282284772729e-12
701	3.943510990846166e-12
702	3.943239398201959e-12
703	7.128731199096405e-12
704	3.490287702953565e-12
705	3.490971726104186e-12
706	3.4915271628771505e-12
707	3.4921423391898188e-12
708	3.4896985474930364e-12
709	3.490818094656345e-12
710	3.4914710012046157e-12
711	3.49104013926127e-12
712	3.491757772679238e-12
713	3.4898786334738863e-12
714	3.4917979965798374e-12
715	3.4912344282905794e-12
716	3.49074263418514e-12
717	3.492383682593414e-12
718	3.4898960891288633e-12
719	3.4910986861785842e-12
720	3.491368218838664e-12
721	3.490476570972012e-12
722	3.4914303436231475e-12
723	3.4914852042530753e-12
724	3.490205737269325e-12
725	3.490960667242027e-12
726	3.4915796382622988e-12
727	3.4911009630031464e-12
728	3.4911482342178668e-12
729	3.4905316484423743e-12
730	3.491750291684248e-12
731	3.4911621120056746e-12
732	3.490731250062329e-12
733	3.491054992831033e-12
734	3.490953403087471e-12
735	3.4911547394309017e-12
736	3.491181952905431e-12
737	3.4912053716723568e-12
738	3.4907907727615983e-12
739	3.4912806153031273e-12
740	3.491292216266373e-12
741	6.652184662489513e-12
742	3.0174678944741573e-12
743	3.016956476309396e-12
744	3.0187905127043724e-12
745	3.0189776459993434e-12
746	3.0177352587298922e-12
747	3.0182238002288142e-12
748	3.0178330537658504e-12
749	3.0182483031979124e-12
750	3.0191151228348145e-12
751	3.018069735100104e-12
752	3.0180084776773586e-12
753	3.01799817775672e-12
754	3.0182979596574122e-12
755	3.017660557200208e-12
756	3.0187086554403497e-12
757	3.0179773610750082e-12
758	3.018546892476215e-12
759	3.0187055112540495e-12
760	3.0187714307461366e-12
761	3.017688529616258e-12
762	3.017478302815013e-12
763	3.0181580975771616e-12
764	3.018531605225583e-12
765	3.0178678566555872e-12
766	3.0184691551804477e-12
767	3.0184738172497894e-12
768	3.0175556064299114e-12
769	3.018452783727643e-12
770	3.0181187410383004e-12
771	3.018515450613213e-12
772	3.0181780468971353e-12
773	3.0180157418319142e-12
774	3.0176345363480683e-12
775	3.0182417979848775e-12
776	3.0186283160593685e-12
777	3.018217620276431e-12
778	3.0178251390899913e-12
779	3.0182628315070237e-12
780	6.1584797591413e-12
781	2.5262470067233256e-12
782	2.5287386117359145e-12
783	2.527612559359571e-12
784	2.525710651908597e-12
785	2.529387073055278e-12
786	2.5274839729819143e-12
787	2.5276769609686167e-12
788	2.5275755880654893e-12
789	2.5264995174092975e-12
790	2.5285396606372634e-12
791	2.5266992274494693e-12
792	2.5279306642769783e-12
793	2.5281279890723707e-12
794	2.527332943619287e-12
795	2.528146095248651e-12
796	2.5275464230270495e-12
797	2.5277409288967934e-12
798	2.527617763529999e-12
799	2.527479853013659e-12
800	2.5279529988417315e-12
801	2.526815128661708e-12
802	2.5274762751464896e-12
803	2.5276368454882348e-12
804	2.5282374934917917e-12
805	2.5275848037839554e-12
806	2.5273863947863906e-12
807	2.5281624667014557e-12
808	2.5274719383377997e-12
809	2.5276973439694594e-12
810	2.527496549727115e-12
811	2.5275866469276487e-12
812	2.528391667040719e-12
813	2.527030559633381e-12
814	2.527849349114042e-12
815	2.5275779733102688e-12
816	2.527307573288451e-12
817	2.527943674703048e-12
818	2.5273977789092017e-12
819	2.527850650156649e-12
820	5.650935448742178e-12
821	2.020924009735192e-12
822	2.0247243551901883e-12
823	2.020310568146e-12
824	2.0242445957288635e-12
825	2.0234175663116916e-12
826	2.0221961041441694e-12
827	2.0220242580998304e-12
828	2.0233603204369843e-12
829	2.022443735920365e-12
830	2.023470475377709e-12
831	2.0221148974014502e-12
832	2.0236347320068404e-12
833	2.023190425956556e-12
834	2.022550204573703e-12
835	2.022682368818529e-12
836	2.0221630359779086e-12
837	2.023776328810567e-12
838	2.023115507586437e-12
839	2.0225451088234925e-12
840	2.022088226028007e-12
841	2.0236364667303164e-12
842	2.0228927040399913e-12
843	2.0223644807415564e-12
844	2.0222451100823657e-12
845	2.0241988423971846e-12
846	2.0224315928560332e-12
847	2.0226270745077324e-12
848	2.023320530217254e-12
849	2.0224403748936304e-12
850	2.0226148230231833e-12
851	2.0226579742696482e-12
852	2.022941818398405e-12
853	2.022767370268852e-12
854	2.022737771549543e-12
855	2.0232752105664442e-12
856	2.0223906100139133e-12
857	2.0233125071211777e-12
858	2.0224783219696674e-12
859	2.0228963903273778e-12
860	2.0225869590273504e-12
861	5.132468235136134e-12
862	1.5070017716362072e-12
863	1.5068426107572863e-12
864	1.5069050608024215e-12
865	1.5062204955507141e-12
866	1.507479796374056e-12
867	1.5057075595029112e-12
868	1.5064234581974034e-12
869	1.5082106570585285e-12
870	1.5053595306055434e-12
871	1.5065716686343822e-12
872	1.5074364282871566e-12
873	1.506360032370313e-12
874	1.5068201677723159e-12
875	1.505992270993406e-12
876	1.5066153619819334e-12
877	1.5059531312949792e-12
878	1.5070989161508619e-12
879	1.5071897722929162e-12
880	1.5062181103059347e-12
881	1.5068923756370034e-12
882	1.5066093988699847e-12
883	1.5066665363244747e-12
884	1.5066306492325654e-12
885	1.505944782938251e-12
886	1.5077168029689614e-12
887	1.506682365676193e-12
888	1.50592906200675e-12
889	1.507357606789217e-12
890	1.506337806225777e-12
891	1.506836322384686e-12
892	1.5069895201516581e-12
893	1.5061777779851182e-12
894	1.5067462251841524e-12
895	1.5068871714665755e-12
896	1.506514856440544e-12
897	1.5066196987906233e-12
898	1.5070376587281165e-12
899	1.506404050978516e-12
900	1.5066962434640008e-12
901	1.5066006168323876e-12
902	1.506786232244317e-12
903	4.605285553946348e-12
904	9.814677282699025e-13
905	9.805705509721707e-13
906	9.814223001988753e-13
907	9.81459271492957e-13
908	9.820810614388775e-13
909	9.807838135394986e-13
910	9.810782828495457e-13
911	9.818301770561644e-13
912	9.812989179916465e-13
913	9.81926020528212e-13
914	9.809800541327185e-13
915	9.815010132765978e-13
916	9.813147473433648e-13
917	9.809195556514938e-13
918	9.820246829259083e-13
919	9.815919778388693e-13
920	9.813603922548264e-13
921	9.808568887659241e-13
922	9.816416342983691e-13
923	9.817056022265458e-13
924	9.805400848911239e-13
925	9.816173481697055e-13
926	9.807770914860292e-13
927	9.821744112459285e-13
928	9.811797641728903e-13
929	9.813825099791451e-13
930	9.812980506299085e-13
931	9.81958655013604e-13
932	9.81017784368321e-13
933	9.81646404787928e-13
934	9.815950136049523e-13
935	9.812146754828444e-13
936	9.811127604786307e-13
937	9.818107698372769e-13
938	9.8133621454638e-13
939	9.817610049575598e-13
940	9.81198412450257e-13
941	9.813266735672621e-13
942	9.81453525221443e-13
943	9.813753542448067e-13
944	9.815075184896327e-13
945	9.815345151237276e-13
946	4.072182695213922e-12
947	4.484075871030724e-13
948	4.506676065316184e-13
949	4.508922532217574e-13
950	4.493581071476904e-13
951	4.4952203851617023e-13
952	4.495297363515949e-13
953	4.504838342633821e-13
954	4.5047635326839197e-13
955	4.4920718620528044e-13
956	4.489465440030149e-13
957	4.5040598854739766e-13
958	4.504449114053899e-13
959	4.4958166963565693e-13
960	4.5036619832766744e-13
961	4.4992492804346584e-13
962	4.492144503598361e-13
963	4.5062434686493624e-13
964	4.4940440258045555e-13
965	4.500681511504512e-13
966	4.5050063939705565e-13
967	4.493855374626543e-13
968	4.495893674710816e-13
969	4.505782682726056e-13
970	4.495474088470064e-13
971	4.497946069423331e-13
972	4.4995842989059565e-13
973	4.4992677118715907e-13
974	4.502685117119265e-13
975	4.497560093449926e-13
976	4.5011141081713335e-13
977	4.4972088119460407e-13
978	4.4968737934747427e-13
979	4.4956562344350415e-13
980	4.4972348327981804e-13
981	4.5061025223669393e-13
982	4.49743541020009e-13
983	4.4985174439682307e-13
984	4.4998705282794926e-13
985	4.497557925045581e-13
986	4.497821386173495e-13
987	4.49986510726863e-13
988	4.4997545186470367e-13
989	4.4972532642351126e-13
990	3.5347402088659052e-12
991	8.611297439009569e-14
992	8.626812372097836e-14
993	8.637296607105771e-14
994	8.72936705559324e-14
995	8.450824675459989e-14
996	8.640191426906307e-14
997	8.744469991855963e-14
998	8.543220384599204e-14
999	8.706403653579997e-14
1000	8.677325351313936e-14
1001	8.619082010608015e-14
1002	8.625001754469785e-14
1003	8.588464141257024e-14
1004	8.702066844890055e-14
1005	8.601745617869971e-14
1006	8.644235501009678e-14
1007	8.621597359648181e-14
1008	8.662721148050556e-14
1009	8.659273385142052e-14
1010	8.569577339412326e-14
1011	8.68039364346207e-14
1012	8.627224368923381e-14
1013	8.588550877430823e-14
1014	8.715608530024399e-14
1015	8.590925280188566e-14
1016	8.693761856248816e-14
1017	8.59810269857042e-14
1018	8.619721689889781e-14
1019	8.65908907077273e-14
1020	8.627256894988555e-14
1021	8.630845604179482e-14
1022	8.668727628086126e-14
1023	8.629446983376976e-14
1024	8.636299141107084e-14
1025	8.617846020131381e-14
1026	8.612479219377578e-14
1027	8.680664694005191e-14
1028	8.632677905850983e-14
1029	8.634553575609383e-14
1030	8.645916014377031e-14
1031	8.633079060654802e-14
1032	8.618333911109e-14
1033	8.63664608580228e-14
1034	8.652627225824716e-14
1035	2.995261157157092e-12
1036	6.2491461658154e-13
1037	6.243113664927691e-13
1038	6.256527414205681e-13
1039	6.247372411061214e-13
1040	6.245749360409003e-13
1041	6.254875090094814e-13
1042	6.248218088755753e-13
1043	6.248983535489527e-13
1044	6.247010287535604e-13
1045	6.257117220187514e-13
1046	6.251996533326865e-13
1047	6.245675634661274e-13
1048	6.249474679073663e-13
1049	6.251700546133776e-13
1050	6.244994755696953e-13
1051	6.250388661505069e-13
1052	6.250490576509282e-13
1053	6.248045700610327e-13
1054	6.251838239809682e-13
1055	6.25087763668486e-13
1056	6.248742842607236e-13
1057	6.244851641010185e-13
1058	6.255383580913709e-13
1059	6.247259654035275e-13
1060	6.24918086028492e-13
1061	6.244345318595634e-13
1062	6.254761248866703e-13
1063	6.246630816775234e-13
1064	6.249758740042854e-13
1065	6.248678874679059e-13
1066	6.249596109716982e-13
1067	6.250378903685516e-13
1068	6.25270993835636e-13
1069	6.247162075839752e-13
1070	6.249106050335018e-13
1071	6.250215189157471e-13
1072	6.24863116978347e-13
1073	6.249054008630739e-13
1074	6.249110387143708e-13
1075	6.249928959783935e-13
1076	6.251455516442794e-13
1077	6.247696587510787e-13
1078	6.249069187461154e-13
1079	6.250616343961291e-13
1080	6.248215920351408e-13
1081	2.455123561048711e-12
1082	1.1644116660464165e-12
1083	1.1650730293716327e-12
1084	1.1645023053480363e-12
1085	1.164736384597076e-12
1086	1.1652801119865774e-12
1087	1.1635817092833789e-12
1088	1.164446794196805e-12
1089	1.165669015305848e-12
1090	1.1637416291038205e-12
1091	1.1640629866277452e-12
1092	1.1647382277407692e-12
1093	1.1648259396965233e-12
1094	1.1643667800764756e-12
1095	1.1643201593830588e-12
1096	1.1646433600506767e-12
1097	1.165131576288947e-12
1098	1.1642986921800436e-12
1099	1.164099090560089e-12
1100	1.1650243486940881e-12
1101	1.1638554703319315e-12
1102	1.1650208792471362e-12
1103	1.164318966760669e-12
1104	1.1639953324121821e-12
1105	1.1649485629622314e-12
1106	1.1646689472219474e-12
1107	1.164699304882777e-12
1108	1.1640315447647431e-12
1109	1.1646946428134353e-12
1110	1.164508268459985e-12
1111	1.1643008605843885e-12
1112	1.1646146286931058e-12
1113	1.1649179884609673e-12
1114	1.164490379124139e-12
1115	1.1643919335668773e-12
1116	1.164384777832539e-12
1117	1.1646342527524278e-12
1118	1.1643089921006822e-12
1119	1.1646188570815785e-12
1120	1.1643347961123873e-12
1121	1.164713724771671e-12
1122	1.1643716589862518e-12
1123	1.1645211704658376e-12
1124	1.164662658849347e-12
1125	1.1644346511324732e-12
1126	1.1645067505769435e-12
1127	1.1645269167373518e-12
1128	1.9162638056208214e-12
1129	1.7027141415576486e-12
1130	1.7026903975300711e-12
1131	1.7034322086564857e-12
1132	1.703334196780093e-12
1133	1.7036447122822929e-12
1134	1.7022656071188913e-12
1135	1.702733982457405e-12
1136	1.7036512174953278e-12
1137	1.7034496643114627e-12
1138	1.7028737361174384e-12
1139	1.7026189486069043e-12
1140	1.703428413948882e-12
1141	1.7027890599277673e-12
1142	1.704084898364322e-12
1143	1.7021300818473306e-12
1144	1.703601561035828e-12
1145	1.7027894936086363e-12
1146	1.7031251626012378e-12
1147	1.7029759763823038e-12
1148	1.7027631474958449e-12
1149	1.7034055372830426e-12
1150	1.7026504988901237e-12
1151	1.703395671043273e-12
1152	1.7027491612878198e-12
1153	1.7030971901851877e-12
1154	1.703091660754108e-12
1155	1.703160182331409e-12
1156	1.703186745284635e-12
1157	1.7031302583514485e-12
1158	1.7032165608443783e-12
1159	1.7028859876019875e-12
1160	1.7033526282170253e-12
1161	1.7028579067657201e-12
1162	1.7030556652419815e-12
1163	1.703118223707334e-12
1164	1.7031891305294145e-12
1165	1.703041895874391e-12
1166	1.7031158384625544e-12
1167	1.7029774942653453e-12
1168	1.7032315228343586e-12
1169	1.7030560989228505e-12
1170	1.7030424379754772e-12
1171	1.7031680970072682e-12
1172	1.7031706990924822e-12
1173	1.703123536297979e-12
1174	1.702911466353041e-12
1175	1.70306596516262e-12
1176	1.3797303143742168e-12
1177	2.2391863753815078e-12
1178	2.2399176697468492e-12
1179	2.2390195166671623e-12
1180	2.239735632202089e-12
1181	2.2396957335621415e-12
1182	2.2395071908043462e-12
1183	2.2395879638661964e-12
1184	2.2393534509362878e-12
1185	2.239791902294841e-12
1186	2.2397746634802984e-12
1187	2.239185182759118e-12
1188	2.2397001787910487e-12
1189	2.239760135171187e-12
1190	2.2391796533280384e-12
1191	2.2399632062380936e-12
1192	2.239647920246335e-12
1193	2.2391748828384794e-12
1194	2.239801443273959e-12
1195	2.2393532340958533e-12
1196	2.2391709797106585e-12
1197	2.240091575775316e-12
1198	2.239802419055914e-12
1199	2.2396214657133262e-12
1200	2.238988508485029e-12
1201	2.23983646300413e-12
1202	2.2393681960858336e-12
1203	2.2399417390350784e-12
1204	2.239703865078435e-12
1205	2.2395234538369335e-12
1206	2.2392792915076898e-12
1207	2.2399063940442554e-12
1208	2.2397433300375136e-12
1209	2.2394423555144316e-12
1210	2.239419370428375e-12
1211	2.2399336075187848e-12
1212	2.2396847831201994e-12
1213	2.2394297787692308e-12
1214	2.2394941803782764e-12
1215	2.2395835186372892e-12
1216	2.239616153122681e-12
1217	2.239481712053293e-12
1218	2.2397511362931555e-12
1219	2.23947867628721e-12
1220	2.239748751048376e-12
1221	2.2396033595370457e-12
1222	2.2395331032362686e-12
1223	2.239570291370785e-12
1224	2.2394840972980723e-12
1225	8.468644622366961e-13
1226	2.772471705339563e-12
1227	2.772655802868451e-12
1228	2.77317795463472e-12
1229	2.772091367217455e-12
1230	2.7730241063464445e-12
1231	2.7730934952854835e-12
1232	2.771934700003531e-12
1233	2.772989520297142e-12
1234	2.7725661393487866e-12
1235	2.7729765098710724e-12
1236	2.7724977261917028e-12
1237	2.772373151362084e-12
1238	2.772458586493276e-12
1239	2.772632167261091e-12
1240	2.773085038508538e-12
1241	2.772595521227661e-12
1242	2.772011027836474e-12
1243	2.7731235276856614e-12
1244	2.7727297454566147e-12
1245	2.772370440856653e-12
1246	2.772865921249479e-12
1247	2.7727033993438233e-12
1248	2.7727572841917958e-12
1249	2.7726350946069567e-12
1250	2.7725586583537964e-12
1251	2.7724526233813274e-12
1252	2.7728588739353577e-12
1253	2.7725096524156e-12
1254	2.772674451145818e-12
1255	2.7727174939720656e-12
1256	2.772559742555969e-12
1257	2.7725940033446195e-12
1258	2.7726738006245144e-12
1259	2.7725550804866272e-12
1260	2.7725910759987538e-12
1261	2.772774306165904e-12
1262	2.7725063998090826e-12
1263	2.7726564533897546e-12
1264	2.7726277220321838e-12
1265	2.7727720293413416e-12
1266	2.772468561153263e-12
1267	2.7727253002277075e-12
1268	2.7725843539452844e-12
1269	2.7726205662978454e-12
1270	2.7726564533897546e-12
1271	2.7726342272452187e-12
1272	2.7726398650965156e-12
1273	2.772661874400617e-12
1274	2.772599966456568e-12
1275	3.1878189324374695e-13
1276	3.300816759678471e-12
1277	3.3013653659777487e-12
1278	3.3010419484696962e-12
1279	3.301155247596721e-12
1280	3.3013147337362936e-12
1281	3.300672777629965e-12
1282	3.3010805460670367e-12
1283	3.3016755562192968e-12
1284	3.300867283499709e-12
1285	3.300784450453731e-12
1286	3.301196772539927e-12
1287	3.3011188184037255e-12
1288	3.3013665586001384e-12
1289	3.3015881695241944e-12
1290	3.3012645351757075e-12
1291	3.300713435211433e-12
1292	3.3015128174732067e-12
1293	3.300730782446193e-12
1294	3.301052682071204e-12
1295	3.3009534775724214e-12
1296	3.3016842298366766e-12
1297	3.3009595491045873e-12
1298	3.30102839594254e-12
1299	3.3012570541807174e-12
1300	3.3012989043845753e-12
1301	3.3009561880778526e-12
1302	3.3012252870570635e-12
1303	3.301306710640217e-12
1304	3.3008854980962066e-12
1305	3.30130226541131e-12
1306	3.3010634156727114e-12
1307	3.3012356953979194e-12
1308	3.3008635972123224e-12
1309	3.301032299070361e-12
1310	3.301392037351192e-12
1311	3.301054525214897e-12
1312	3.3012400322066093e-12
1313	3.3013273104814944e-12
1314	3.301042707411217e-12
1315	3.3010223244103742e-12
1316	3.301239056424654e-12
1317	3.3010704629868326e-12
1318	3.3012509826485514e-12
1319	3.301037936921658e-12
1320	3.3012218176101116e-12
1321	3.301234719615964e-12
1322	3.3010058445373525e-12
1323	3.3011981820027514e-12
1324	3.3010821723702954e-12
1325	3.3012536931539826e-12
1326	2.0357218515065778e-13
1327	3.823874918963688e-12
1328	3.824142500059857e-12
1329	3.8241102992553344e-12
1330	3.824358906813485e-12
1331	3.82367228157765e-12
1332	3.824279434794242e-12
1333	3.824228910973004e-12
1334	3.823795446944445e-12
1335	3.824348281632195e-12
1336	3.823719552792371e-12
1337	3.8244632070624784e-12
1338	3.8236008326544835e-12
1339	3.824242680340595e-12
1340	3.823988434931147e-12
1341	3.8241042277231685e-12
1342	3.824410189576244e-12
1343	3.823777449188381e-12
1344	3.82424365612255e-12
1345	3.823929454332964e-12
1346	3.8241042277231685e-12
1347	3.823938561631213e-12
1348	3.82371879385085e-12
1349	3.8246054543875085e-12
1350	3.823912215518421e-12
1351	3.824196927008916e-12
1352	3.8239162270664595e-12
1353	3.824406720129292e-12
1354	3.8238228772594085e-12
1355	3.824116804468369e-12
1356	3.824038416651299e-12
1357	3.824130356995525e-12
1358	3.824178495571984e-12
1359	3.824038633491733e-12
1360	3.824228910973004e-12
1361	3.823916877587763e-12
1362	3.824367363590431e-12
1363	3.824142716900292e-12
1364	3.824020527315453e-12
1365	3.824102384579475e-12
1366	3.824028008310443e-12
1367	3.824170038795038e-12
1368	3.824101950898606e-12
1369	3.82414119901725e-12
1370	3.824100649855999e-12
1371	3.82411127503729e-12
1372	3.824128405431615e-12
1373	3.8240732195410354e-12
1374	3.824087856270364e-12
1375	3.824094686744051e-12
1376	3.8241374043096465e-12
1377	3.8241382716713845e-12
1378	7.195602620690966e-13
1379	4.341103756848319e-12
1380	4.341083157007042e-12
1381	4.340607734354407e-12
1382	4.340974303108924e-12
1383	4.3407226597846904e-12
1384	4.3409752788908795e-12
1385	4.340852547204954e-12
1386	4.340974303108924e-12
1387	4.341015719631913e-12
1388	4.34051817925496e-12
1389	4.341158183797378e-12
1390	4.340617492173959e-12
1391	4.341020815382124e-12
1392	4.340810697001096e-12
1393	4.340831622103025e-12
1394	4.340904914169885e-12
1395	4.3408147085491344e-12
1396	4.341064942410544e-12
1397	4.340688073735388e-12
1398	4.3408047338891476e-12
1399	4.340879652259266e-12
1400	4.341065918192499e-12
1401	4.340803541266758e-12
1402	4.340927140314421e-12
1403	4.34085861873712e-12
1404	4.340937006554191e-12
1405	4.340952510645257e-12
1406	4.3408871332542565e-12
1407	4.340778387776356e-12
1408	4.340859377678641e-12
1409	4.340893530047074e-12
1410	4.340754643748779e-12
1411	4.34088030278057e-12
1412	4.340925730851597e-12
1413	4.340870219700366e-12
1414	4.3408614376627686e-12
1415	4.340809287538272e-12
1416	4.340840620981057e-12
1417	4.340985036710432e-12
1418	4.340780447760484e-12
1419	4.3409552211506885e-12
1420	4.3408317305232424e-12
1421	4.340963569507417e-12
1422	4.340815467490655e-12
1423	4.340945463331136e-12
1424	4.340902312084671e-12
1425	4.340719732438825e-12
1426	4.340962485305244e-12
1427	4.340855582971037e-12
1428	4.340929742399635e-12
1429	4.340902637345323e-12
1430	4.340882579605132e-12
1431	1.2283197462631401e-12
1432	4.85089063102101e-12
1433	4.849995513707406e-12
1434	4.850895184670134e-12
1435	4.850581741822069e-12
1436	4.85050367926565e-12
1437	4.850556046230581e-12
1438	4.850771802462905e-12
1439	4.850897244654262e-12
1440	4.850450444938981e-12
1441	4.850300825039178e-12
1442	4.850904942489687e-12
1443	4.850148603054161e-12
1444	4.8507077261145115e-12
1445	4.8506937399064864e-12
1446	4.850730169099482e-12
1447	4.850369455036696e-12
1448	4.850745347929897e-12
1449	4.850276538910514e-12
1450	4.850997533355217e-12
1451	4.8503160038695925e-12
1452	4.850706967172991e-12
1453	4.8507247480886195e-12
1454	4.850445457608987e-12
1455	4.850545746309942e-12
1456	4.850434507167045e-12
1457	4.8506850662891066e-12
1458	4.850699269337566e-12
1459	4.8507670319733465e-12
1460	4.8504407955396456e-12
1461	4.850718459716019e-12
1462	4.850625760430272e-12
1463	4.850479393136986e-12
1464	4.850621965722668e-12
1465	4.850655575990015e-12
1466	4.850554419927322e-12
1467	4.85066403276696e-12
1468	4.850553010464498e-12
1469	4.85065774439436e-12
1470	4.850633241425262e-12
1471	4.850461612221357e-12
1472	4.850540108458645e-12
1473	4.850551275741022e-12
1474	4.850718242875585e-12
1475	4.850632374063524e-12
1476	4.8506195804778884e-12
1477	4.850520701239758e-12
1478	4.850547914714287e-12
1479	4.8506663095915226e-12
1480	4.8504961982706596e-12
1481	4.850681705262372e-12
1482	4.850603425865518e-12
1483	4.850594643827921e-12
1484	4.8506195804778884e-12
1485	1.7292547602187902e-12
1486	5.352531135330296e-12
1487	5.35257157607133e-12
1488	5.352889030467434e-12
1489	5.352393333234173e-12
1490	5.352623943036261e-12
1491	5.352625786179954e-12
1492	5.352525280638565e-12
1493	5.3526852004590064e-12
1494	5.352694090916821e-12
1495	5.3526407481699345e-12
1496	5.352569732927637e-12
1497	5.352729869588513e-12
1498	5.352580900210013e-12
1499	5.352751336791528e-12
1500	5.352474756817327e-12
1501	5.352739627408065e-12
1502	5.352445374938453e-12
1503	5.352816822602746e-12
1504	5.352551952012008e-12
1505	5.3527157749602705e-12
1506	5.352610824189974e-12
1507	5.352674900538368e-12
1508	5.352636519781462e-12
1509	5.352720220189178e-12
1510	5.352626653541692e-12
1511	5.352641290271021e-12
1512	5.352605186338677e-12
1513	5.352571033970244e-12
1514	5.3528147626186184e-12
1515	5.352587188582614e-12
1516	5.352756215701304e-12
1517	5.3525984642852076e-12
1518	5.352740820030455e-12
1519	5.352742663174148e-12
1520	5.352344760976846e-12
1521	5.352805330059718e-12
1522	5.352597705343687e-12
1523	5.352713064454839e-12
1524	5.352647361803187e-12
1525	5.352600307428901e-12
1526	5.352602475833246e-12
1527	5.352748734706314e-12
1528	5.352593043274345e-12
1529	5.3525877306837e-12
1530	5.3526407481699345e-12
1531	5.352637061882548e-12
1532	5.352617871504095e-12
1533	5.352729869588513e-12
1534	5.352578081284365e-12
1535	5.352639555547545e-12
1536	5.352597271662818e-12
1537	5.352652674393832e-12
1538	5.352604210556722e-12
1539	5.352655710159915e-12
1540	2.221719769962549e-12
1541	5.846253819594138e-12
1542	5.846533218493988e-12
1543	5.8462892730051785e-12
1544	5.846051399048535e-12
1545	5.846483128353619e-12
1546	5.846357252481393e-12
1547	5.846046411718542e-12
1548	5.846578104463929e-12
1549	5.8463067286601555e-12
1550	5.84627029946716e-12
1551	5.846266287919122e-12
1552	5.846173913894026e-12
1553	5.846322666432091e-12
1554	5.84633296635273e-12
1555	5.846339796826416e-12
1556	5.846369178705291e-12
1557	5.846385550158095e-12
1558	5.846441169729544e-12
1559	5.846305102356897e-12
1560	5.846303909734507e-12
1561	5.846186056958358e-12
1562	5.846476081039498e-12
1563	5.8462050304963764e-12
1564	5.846340989448806e-12
1565	5.846284827776271e-12
1566	5.846349771486403e-12
1567	5.846326135879043e-12
1568	5.846369395545725e-12
1569	5.846264661615863e-12
1570	5.846243628093717e-12
1571	5.846386634360268e-12
1572	5.846395850078734e-12
1573	5.8463233169533946e-12
1574	5.846300440287555e-12
1575	5.84626477003608e-12
1576	5.846272142610853e-12
1577	5.846376009178977e-12
1578	5.8463254853577395e-12
1579	5.846279515185626e-12
1580	5.8463921637913474e-12
1581	5.8462757204780225e-12
1582	5.846336435799682e-12
1583	5.8463970427011236e-12
1584	5.846268022642598e-12
1585	5.846313342293408e-12
1586	5.846304885516462e-12
1587	5.846309113904935e-12
1588	5.846357252481393e-12
1589	5.846273768914112e-12
1590	5.846331231629254e-12
1591	5.846295886638431e-12
1592	5.846366685040294e-12
1593	5.8463032592132036e-12
1594	5.84633177373034e-12
1595	5.846258156402828e-12
1596	2.705436135536088e-12
1597	6.331504222821527e-12
1598	6.331152724477207e-12
1599	6.331657745849151e-12
1600	6.331109681650959e-12
1601	6.331379864832343e-12
1602	6.331493272379585e-12
1603	6.331356879746286e-12
1604	6.331305705403745e-12
1605	6.331425618164022e-12
1606	6.331367396507359e-12
1607	6.33133584622414e-12
1608	6.331510511194127e-12
1609	6.331247700587517e-12
1610	6.331373576459742e-12
1611	6.331445350643561e-12
1612	6.33136934807127e-12
1613	6.331275239322698e-12
1614	6.331407620407958e-12
1615	6.3313592649910655e-12
1616	6.3314399296326984e-12
1617	6.331284129780512e-12
1618	6.331417486647728e-12
1619	6.331403175179051e-12
1620	6.3314085961899136e-12
1621	6.331382141656905e-12
1622	6.331392658417978e-12
1623	6.331318932670249e-12
1624	6.331497500768057e-12
1625	6.331370974374528e-12
1626	6.33128185295595e-12
1627	6.331446760106385e-12
1628	6.331336063064574e-12
1629	6.331310909574173e-12
1630	6.331371408055397e-12
1631	6.331409355131434e-12
1632	6.331318824250032e-12
1633	6.331397103646885e-12
1634	6.331296164424627e-12
1635	6.331412607737952e-12
1636	6.331403717280137e-12
1637	6.3313710827947456e-12
1638	6.331332376777188e-12
1639	6.331388104768854e-12
1640	6.331387345827333e-12
1641	6.331357421847372e-12
1642	6.331384960582553e-12
1643	6.3313470135065164e-12
1644	6.3314111982751275e-12
1645	6.33137563644387e-12
1646	6.331382575337774e-12
1647	6.331380949034515e-12
1648	6.331373034358656e-12
1649	6.331376070124739e-12
1650	6.3313810574547325e-12
1651	6.331401765716227e-12
1652	6.33133584622414e-12
1653	3.1800222177746917e-12
1654	6.807594201893585e-12
1655	6.807275663295309e-12
1656	6.807406634917745e-12
1657	6.80751798248086e-12
1658	6.807273820151616e-12
1659	6.807405333875138e-12
1660	6.807508224661307e-12
1661	6.80745531559529e-12
1662	6.807314044052215e-12
1663	6.8075035625919655e-12
1664	6.807300383104842e-12
1665	6.8074712533672255e-12
1666	6.807401105486666e-12
1667	6.8073975276194965e-12
1668	6.807494672134151e-12
1669	6.807366736277798e-12
1670	6.807416067476646e-12
1671	6.807466266037232e-12
1672	6.807359363703025e-12
1673	6.807521994028898e-12
1674	6.807367386799101e-12
1675	6.807370422565184e-12
1676	6.807373892012136e-12
1677	6.8074874079795955e-12
1678	6.807331824967844e-12
1679	6.807454339813335e-12
1680	6.8073884203212476e-12
1681	6.807318272440688e-12
1682	6.807483396431557e-12
1683	6.8073172966587325e-12
1684	6.8074468588183445e-12
1685	6.807384950874296e-12
1686	6.807423548471636e-12
1687	6.807388203480813e-12
1688	6.8073879866403786e-12
1689	6.807434498913578e-12
1690	6.80730558727527e-12
1691	6.807406201236876e-12
1692	6.807420729545988e-12
1693	6.8074076106997006e-12
1694	6.807373024650398e-12
1695	6.807395684475803e-12
1696	6.8074184527214254e-12
1697	6.8073582795008525e-12
1698	6.807382348789082e-12
1699	6.807416934838384e-12
1700	6.807406634917745e-12
1701	6.807347437479128e-12
1702	6.807431896828364e-12
1703	6.807379529863433e-12
1704	6.807418777982077e-12
1705	6.807398720241886e-12
1706	6.80739069714581e-12
1707	6.807384191932775e-12
1708	6.807404791774052e-12
1709	6.807377253038871e-12
1710	6.807412272769042e-12
1711	3.645074259789327e-12
1712	7.274003881868607e-12
1713	7.273978077856902e-12
1714	7.2739059784124316e-12
1715	7.273899473199397e-12
1716	7.274037058455085e-12
1717	7.273904568949607e-12
1718	7.2740459489128995e-12
1719	7.27396593479257e-12
1720	7.274035648992261e-12
1721	7.2738872217148476e-12
1722	7.273957478015625e-12
1723	7.273977644176033e-12
1724	7.273984583069937e-12
1725	7.27396593479257e-12
1726	7.2740555983122346e-12
1727	7.273959321159318e-12
1728	7.2739499970206345e-12
1729	7.273920289881108e-12
1730	7.274041503683992e-12
1731	7.273957044334756e-12
1732	7.273954659089976e-12
1733	7.273969404239522e-12
1734	7.2740752223715566e-12
1735	7.273877897576164e-12
1736	7.273920073040674e-12
1737	7.274047792056593e-12
1738	7.273972006324736e-12
1739	7.273923325647191e-12
1740	7.2739827399262436e-12
1741	7.274013639688159e-12
1742	7.273971030542781e-12
1743	7.273952815946283e-12
1744	7.2739962924534e-12
1745	7.273988160937106e-12
1746	7.27392495195045e-12
1747	7.274004315549476e-12
1748	7.27397341578756e-12
1749	7.2739473949354205e-12
1750	7.2739935819479684e-12
1751	7.27397146422365e-12
1752	7.273997701916224e-12
1753	7.273932216105006e-12
1754	7.274031203763354e-12
1755	7.273908363657211e-12
1756	7.273976234713209e-12
1757	7.274021662784236e-12
1758	7.273942516025644e-12
1759	7.273966802154308e-12
1760	7.273989787240365e-12
1761	7.273957478015625e-12
1762	7.27397894521864e-12
1763	7.27394110656282e-12
1764	7.273971138962998e-12
1765	7.273964959010615e-12
1766	7.2739704884416945e-12
1767	7.273967777936263e-12
1768	7.2739670189947425e-12
1769	7.2739717894843015e-12
1770	4.100297358589078e-12
1771	7.730678510536881e-12
1772	7.73084840501731e-12
1773	7.730806880074104e-12
1774	7.730827805176033e-12
1775	7.730819890500173e-12
1776	7.730786605493478e-12
1777	7.730802109584545e-12
1778	7.73083539459124e-12
1779	7.730632648784985e-12
1780	7.730803519047369e-12
1781	7.730774028748277e-12
1782	7.73084092402232e-12
1783	7.730803952728238e-12
1784	7.73084092402232e-12
1785	7.730835828272109e-12
1786	7.730813818968008e-12
1787	7.730750609981352e-12
1788	7.730817071574525e-12
1789	7.730687834675565e-12
1790	7.730812843186052e-12
1791	7.730821842064084e-12
1792	7.730763728827639e-12
1793	7.730803952728238e-12
1794	7.730825094670601e-12
1795	7.730827154654729e-12
1796	7.730815228430832e-12
1797	7.730823902048212e-12
1798	7.730730443820943e-12
1799	7.730812192664749e-12
1800	7.730757657295473e-12
1801	7.730839839820147e-12
1802	7.730798856978027e-12
1803	7.730735431150937e-12
1804	7.730808723217797e-12
1805	7.730815445271266e-12
1806	7.730827805176033e-12
1807	7.730800049600417e-12
1808	7.730725348070733e-12
1809	7.73080070012172e-12
1810	7.730819673659739e-12
1811	7.730820324181042e-12
1812	7.730791375983037e-12
1813	7.730745080550272e-12
1814	7.730788773897823e-12
1815	7.730817613675611e-12
1816	7.730820324181042e-12
1817	7.730772402445019e-12
1818	7.730787364434999e-12
1819	7.730769800359805e-12
1820	7.730816204212787e-12
1821	7.730812843186052e-12
1822	7.730757440455038e-12
1823	7.730822492585387e-12
1824	7.73075852465721e-12
1825	7.730805904292148e-12
1826	7.730798314876941e-12
1827	7.730766005652201e-12
1828	7.730797447515203e-12
1829	7.729905908068768e-12
1830	4.545766107283411e-12
1831	8.177920471884315e-12
1832	8.177920471884315e-12
1833	8.177920471884315e-12
1834	8.177920471884315e-12
1835	8.177920471884315e-12
1836	8.177920471884315e-12
1837	8.177920471884315e-12
1838	8.177920471884315e-12
1839	8.177920471884315e-12
1840	8.177920471884315e-12
1841	8.177920471884315e-12
1842	8.177920471884315e-12
1843	8.177920471884315e-12
1844	8.177920471884315e-12
1845	8.177920471884315e-12
1846	8.177920471884315e-12
1847	8.177920471884315e-12
1848	8.177920471884315e-12
1849	8.177920471884315e-12
1850	8.177920471884315e-12
1851	8.177920471884315e-12
1852	8.177920471884315e-12
1853	8.177920471884315e-12
1854	8.177920471884315e-12
1855	8.177920471884315e-12
1856	8.177920471884315e-12
1857	8.177920471884315e-12
1858	8.177920471884315e-12
1859	8.177920471884315e-12
1860	8.177920471884315e-12
1861	8.177920471884315e-12
1862	8.177920471884315e-12
1863	8.177920471884315e-12
1864	8.177920471884315e-12
1865	8.177920471884315e-12
1866	8.177920471884315e-12
1867	8.177920471884315e-12
1868	8.177920471884315e-12
1869	8.177920471884315e-12
1870	8.177920471884315e-12
1871	8.177920471884315e-12
1872	8.177920471884315e-12
1873	8.177920471884315e-12
1874	8.177920471884315e-12
1875	8.177920471884315e-12
1876	8.177920471884315e-12
1877	8.177920471884315e-12
1878	8.177920471884315e-12
1879	8.177920471884315e-12
1880	8.177920471884315e-12
1881	8.177920471884315e-12
1882	8.177920471884315e-12
1883	8.177920471884315e-12
1884	8.177920471884315e-12
1885	8.177920471884315e-12
1886	8.177920471884315e-12
1887	8.177920471884315e-12
1888	8.177920471884315e-12
1889	8.177920471884315e-12
1890	8.177920471884315e-12
