1830	0.0011794907161759753
1770	0.001179113256384495
1711	0.001178718226344683
1653	0.00117830463336736
1596	0.0011778714151018167
1540	0.0011774174335754256
1485	0.0011769414686241364
1431	0.0011764422106409025
1378	0.0011759182525589297
1326	0.0011753680809749368
1275	0.0011747900663040558
1225	0.0011741824518421038
1176	0.0011735433415927038
1128	0.0011728706866949066
1081	0.0011721622702619522
1035	0.0011714156904118127
990	0.0011706283412352288
946	0.0011697973914053155
903	0.0011689197600835664
861	0.001167992089718347
820	0.0011670107152617968
780	0.0011659716292468742
741	0.0011648704420649872
703	0.0011637023366621664
666	0.0011624620167231259
630	0.001161143647231549
595	0.0011597407860731448
561	0.0011582463050756526
528	0.001156652298542954
496	0.0011549499769223245
465	0.0011531295427214022
435	0.0011511800451356902
406	0.0011490892090188242
378	0.0011468432327749346
351	0.0011444265484051616
325	0.001141821535204591
300	0.0011390081763532093
276	0.001135963644697602
253	0.0011326618001335758
231	0.0011290725758280437
210	0.0011251612235715198
190	0.0011208873791266004
171	0.001116203895509408
153	0.0011110553742022743
136	0.0011053762990923875
120	0.0010990886420401101
105	0.0010920987571179457
91	0.0010842933044191128
78	0.0010755338305918948
66	0.001065649460084027
55	0.0010544268818538493
45	0.0010415963879342673
36	0.0010268120208522815
28	0.0010096227115993003
21	0.0009894292493392803
15	0.0009654182476144961
10	0.0009364573596827822
6	0.0009009223406006477
3	0.0008563979585863625
1	0.0007991305473221804
1831	0.0005347614928445366
1832	0.0005347614928445366
1833	0.0005347614928445366
1834	0.0005347614928445366
1835	0.0005347614928445366
1836	0.0005347614928445366
1837	0.0005347614928445366
1838	0.0005347614928445366
1839	0.0005347614928445366
1840	0.0005347614928445366
1841	0.0005347614928445366
1842	0.0005347614928445366
1843	0.0005347614928445366
1844	0.0005347614928445366
1845	0.0005347614928445366
1846	0.0005347614928445366
1847	0.0005347614928445366
1848	0.0005347614928445366
1849	0.0005347614928445366
1850	0.0005347614928445366
1851	0.0005347614928445366
1852	0.0005347614928445366
1853	0.0005347614928445366
1854	0.0005347614928445366
1855	0.0005347614928445366
1856	0.0005347614928445366
1857	0.0005347614928445366
1858	0.0005347614928445366
1859	0.0005347614928445366
1860	0.0005347614928445366
1861	0.0005347614928445366
1862	0.0005347614928445366
1863	0.0005347614928445366
1864	0.0005347614928445366
1865	0.0005347614928445366
1866	0.0005347614928445366
1867	0.0005347614928445366
1868	0.0005347614928445366
1869	0.0005347614928445366
1870	0.0005347614928445366
1871	0.0005347614928445366
1872	0.0005347614928445366
1873	0.0005347614928445366
1874	0.0005347614928445366
1875	0.0005347614928445366
1876	0.0005347614928445366
1877	0.0005347614928445366
1878	0.0005347614928445366
1879	0.0005347614928445366
1880	0.0005347614928445366
1881	0.0005347614928445366
1882	0.0005347614928445366
1883	0.0005347614928445366
1884	0.0005347614928445366
1885	0.0005347614928445366
1886	0.0005347614928445366
1887	0.0005347614928445366
1888	0.0005347614928445366
1889	0.0005347614928445366
1890	0.0005347614928445366
1771	0.0005343982209542711
1772	0.0005343982209542711
1773	0.0005343982209542711
1774	0.0005343982209542711
1775	0.0005343982209542711
1776	0.0005343982209542711
1777	0.0005343982209542711
1778	0.0005343982209542711
1779	0.0005343982209542711
1780	0.0005343982209542711
1781	0.0005343982209542711
1782	0.0005343982209542711
1783	0.0005343982209542711
1784	0.0005343982209542711
1785	0.0005343982209542711
1786	0.0005343982209542711
1787	0.0005343982209542711
1788	0.0005343982209542711
1789	0.0005343982209542711
1790	0.0005343982209542711
1791	0.0005343982209542711
1792	0.0005343982209542711
1793	0.0005343982209542711
1794	0.0005343982209542711
1795	0.0005343982209542711
1796	0.0005343982209542711
1797	0.0005343982209542711
1798	0.0005343982209542711
1799	0.0005343982209542711
1800	0.0005343982209542711
1801	0.0005343982209542711
1802	0.0005343982209542711
1803	0.0005343982209542711
1804	0.0005343982209542711
1805	0.0005343982209542711
1806	0.0005343982209542711
1807	0.0005343982209542711
1808	0.0005343982209542711
1809	0.0005343982209542711
1810	0.0005343982209542711
1811	0.0005343982209542711
1812	0.0005343982209542711
1813	0.0005343982209542711
1814	0.0005343982209542711
1815	0.0005343982209542711
1816	0.0005343982209542711
1817	0.0005343982209542711
1818	0.0005343982209542711
1819	0.0005343982209542711
1820	0.0005343982209542711
1821	0.0005343982209542711
1822	0.0005343982209542711
1823	0.0005343982209542711
1824	0.0005343982209542711
1825	0.0005343982209542711
1826	0.0005343982209542711
1827	0.0005343982209542711
1828	0.0005343982209542711
1829	0.0005343982209542711
1712	0.000534015509180104
1713	0.000534015509180104
1714	0.000534015509180104
1715	0.000534015509180104
1716	0.000534015509180104
1717	0.000534015509180104
1718	0.000534015509180104
1719	0.000534015509180104
1720	0.000534015509180104
1721	0.000534015509180104
1722	0.000534015509180104
1723	0.000534015509180104
1724	0.000534015509180104
1725	0.000534015509180104
1726	0.000534015509180104
1727	0.000534015509180104
1728	0.000534015509180104
1729	0.000534015509180104
1730	0.000534015509180104
1731	0.000534015509180104
1732	0.000534015509180104
1733	0.000534015509180104
1734	0.000534015509180104
1735	0.000534015509180104
1736	0.000534015509180104
1737	0.000534015509180104
1738	0.000534015509180104
1739	0.000534015509180104
1740	0.000534015509180104
1741	0.000534015509180104
1742	0.000534015509180104
1743	0.000534015509180104
1744	0.000534015509180104
1745	0.000534015509180104
1746	0.000534015509180104
1747	0.000534015509180104
1748	0.000534015509180104
1749	0.000534015509180104
1750	0.000534015509180104
1751	0.000534015509180104
1752	0.000534015509180104
1753	0.000534015509180104
1754	0.000534015509180104
1755	0.000534015509180104
1756	0.000534015509180104
1757	0.000534015509180104
1758	0.000534015509180104
1759	0.000534015509180104
1760	0.000534015509180104
1761	0.000534015509180104
1762	0.000534015509180104
1763	0.000534015509180104
1764	0.000534015509180104
1765	0.000534015509180104
1766	0.000534015509180104
1767	0.000534015509180104
1768	0.000534015509180104
1769	0.000534015509180104
1654	0.0005336122129309189
1655	0.0005336122129309189
1656	0.0005336122129309189
1657	0.0005336122129309189
1658	0.0005336122129309189
1659	0.0005336122129309189
1660	0.0005336122129309189
1661	0.0005336122129309189
1662	0.0005336122129309189
1663	0.0005336122129309189
1664	0.0005336122129309189
1665	0.0005336122129309189
1666	0.0005336122129309189
1667	0.0005336122129309189
1668	0.0005336122129309189
1669	0.0005336122129309189
1670	0.0005336122129309189
1671	0.0005336122129309189
1672	0.0005336122129309189
1673	0.0005336122129309189
1674	0.0005336122129309189
1675	0.0005336122129309189
1676	0.0005336122129309189
1677	0.0005336122129309189
1678	0.0005336122129309189
1679	0.0005336122129309189
1680	0.0005336122129309189
1681	0.0005336122129309189
1682	0.0005336122129309189
1683	0.0005336122129309189
1684	0.0005336122129309189
1685	0.0005336122129309189
1686	0.0005336122129309189
1687	0.0005336122129309189
1688	0.0005336122129309189
1689	0.0005336122129309189
1690	0.0005336122129309189
1691	0.0005336122129309189
1692	0.0005336122129309189
1693	0.0005336122129309189
1694	0.0005336122129309189
1695	0.0005336122129309189
1696	0.0005336122129309189
1697	0.0005336122129309189
1698	0.0005336122129309189
1699	0.0005336122129309189
1700	0.0005336122129309189
1701	0.0005336122129309189
1702	0.0005336122129309189
1703	0.0005336122129309189
1704	0.0005336122129309189
1705	0.0005336122129309189
1706	0.0005336122129309189
1707	0.0005336122129309189
1708	0.0005336122129309189
1709	0.0005336122129309189
1710	0.0005336122129309189
1597	0.0005331871058648351
1598	0.0005331871058648351
1599	0.0005331871058648351
1600	0.0005331871058648351
1601	0.0005331871058648351
1602	0.0005331871058648351
1603	0.0005331871058648351
1604	0.0005331871058648351
1605	0.0005331871058648351
1606	0.0005331871058648351
1607	0.0005331871058648351
1608	0.0005331871058648351
1609	0.0005331871058648351
1610	0.0005331871058648351
1611	0.0005331871058648351
1612	0.0005331871058648351
1613	0.0005331871058648351
1614	0.0005331871058648351
1615	0.0005331871058648351
1616	0.0005331871058648351
1617	0.0005331871058648351
1618	0.0005331871058648351
1619	0.0005331871058648351
1620	0.0005331871058648351
1621	0.0005331871058648351
1622	0.0005331871058648351
1623	0.0005331871058648351
1624	0.0005331871058648351
1625	0.0005331871058648351
1626	0.0005331871058648351
1627	0.0005331871058648351
1628	0.0005331871058648351
1629	0.0005331871058648351
1630	0.0005331871058648351
1631	0.0005331871058648351
1632	0.0005331871058648351
1633	0.0005331871058648351
1634	0.0005331871058648351
1635	0.0005331871058648351
1636	0.0005331871058648351
1637	0.0005331871058648351
1638	0.0005331871058648351
1639	0.0005331871058648351
1640	0.0005331871058648351
1641	0.0005331871058648351
1642	0.0005331871058648351
1643	0.0005331871058648351
1644	0.0005331871058648351
1645	0.0005331871058648351
1646	0.0005331871058648351
1647	0.0005331871058648351
1648	0.0005331871058648351
1649	0.0005331871058648351
1650	0.0005331871058648351
1651	0.0005331871058648351
1652	0.0005331871058648351
1541	0.0005327388728335939
1542	0.0005327388728335939
1543	0.0005327388728335939
1544	0.0005327388728335939
1545	0.0005327388728335939
1546	0.0005327388728335939
1547	0.0005327388728335939
1548	0.0005327388728335939
1549	0.0005327388728335939
1550	0.0005327388728335939
1551	0.0005327388728335939
1552	0.0005327388728335939
1553	0.0005327388728335939
1554	0.0005327388728335939
1555	0.0005327388728335939
1556	0.0005327388728335939
1557	0.0005327388728335939
1558	0.0005327388728335939
1559	0.0005327388728335939
1560	0.0005327388728335939
1561	0.0005327388728335939
1562	0.0005327388728335939
1563	0.0005327388728335939
1564	0.0005327388728335939
1565	0.0005327388728335939
1566	0.0005327388728335939
1567	0.0005327388728335939
1568	0.0005327388728335939
1569	0.0005327388728335939
1570	0.0005327388728335939
1571	0.0005327388728335939
1572	0.0005327388728335939
1573	0.0005327388728335939
1574	0.0005327388728335939
1575	0.0005327388728335939
1576	0.0005327388728335939
1577	0.0005327388728335939
1578	0.0005327388728335939
1579	0.0005327388728335939
1580	0.0005327388728335939
1581	0.0005327388728335939
1582	0.0005327388728335939
1583	0.0005327388728335939
1584	0.0005327388728335939
1585	0.0005327388728335939
1586	0.0005327388728335939
1587	0.0005327388728335939
1588	0.0005327388728335939
1589	0.0005327388728335939
1590	0.0005327388728335939
1591	0.0005327388728335939
1592	0.0005327388728335939
1593	0.0005327388728335939
1594	0.0005327388728335939
1595	0.0005327388728335939
1486	0.0005322661021027183
1487	0.0005322661021027183
1488	0.0005322661021027183
1489	0.0005322661021027183
1490	0.0005322661021027183
1491	0.0005322661021027183
1492	0.0005322661021027183
1493	0.0005322661021027183
1494	0.0005322661021027183
1495	0.0005322661021027183
1496	0.0005322661021027183
1497	0.0005322661021027183
1498	0.0005322661021027183
1499	0.0005322661021027183
1500	0.0005322661021027183
1501	0.0005322661021027183
1502	0.0005322661021027183
1503	0.0005322661021027183
1504	0.0005322661021027183
1505	0.0005322661021027183
1506	0.0005322661021027183
1507	0.0005322661021027183
1508	0.0005322661021027183
1509	0.0005322661021027183
1510	0.0005322661021027183
1511	0.0005322661021027183
1512	0.0005322661021027183
1513	0.0005322661021027183
1514	0.0005322661021027183
1515	0.0005322661021027183
1516	0.0005322661021027183
1517	0.0005322661021027183
1518	0.0005322661021027183
1519	0.0005322661021027183
1520	0.0005322661021027183
1521	0.0005322661021027183
1522	0.0005322661021027183
1523	0.0005322661021027183
1524	0.0005322661021027183
1525	0.0005322661021027183
1526	0.0005322661021027183
1527	0.0005322661021027183
1528	0.0005322661021027183
1529	0.0005322661021027183
1530	0.0005322661021027183
1531	0.0005322661021027183
1532	0.0005322661021027183
1533	0.0005322661021027183
1534	0.0005322661021027183
1535	0.0005322661021027183
1536	0.0005322661021027183
1537	0.0005322661021027183
1538	0.0005322661021027183
1539	0.0005322661021027183
1432	0.0005317672767604041
1433	0.0005317672767604041
1434	0.0005317672767604041
1435	0.0005317672767604041
1436	0.0005317672767604041
1437	0.0005317672767604041
1438	0.0005317672767604041
1439	0.0005317672767604041
1440	0.0005317672767604041
1441	0.0005317672767604041
1442	0.0005317672767604041
1443	0.0005317672767604041
1444	0.0005317672767604041
1445	0.0005317672767604041
1446	0.0005317672767604041
1447	0.0005317672767604041
1448	0.0005317672767604041
1449	0.0005317672767604041
1450	0.0005317672767604041
1451	0.0005317672767604041
1452	0.0005317672767604041
1453	0.0005317672767604041
1454	0.0005317672767604041
1455	0.0005317672767604041
1456	0.0005317672767604041
1457	0.0005317672767604041
1458	0.0005317672767604041
1459	0.0005317672767604041
1460	0.0005317672767604041
1461	0.0005317672767604041
1462	0.0005317672767604041
1463	0.0005317672767604041
1464	0.0005317672767604041
1465	0.0005317672767604041
1466	0.0005317672767604041
1467	0.0005317672767604041
1468	0.0005317672767604041
1469	0.0005317672767604041
1470	0.0005317672767604041
1471	0.0005317672767604041
1472	0.0005317672767604041
1473	0.0005317672767604041
1474	0.0005317672767604041
1475	0.0005317672767604041
1476	0.0005317672767604041
1477	0.0005317672767604041
1478	0.0005317672767604041
1479	0.0005317672767604041
1480	0.0005317672767604041
1481	0.0005317672767604041
1482	0.0005317672767604041
1483	0.0005317672767604041
1484	0.0005317672767604041
1379	0.0005312407652160536
1380	0.0005312407652160536
1381	0.0005312407652160536
1382	0.0005312407652160536
1383	0.0005312407652160536
1384	0.0005312407652160536
1385	0.0005312407652160536
1386	0.0005312407652160536
1387	0.0005312407652160536
1388	0.0005312407652160536
1389	0.0005312407652160536
1390	0.0005312407652160536
1391	0.0005312407652160536
1392	0.0005312407652160536
1393	0.0005312407652160536
1394	0.0005312407652160536
1395	0.0005312407652160536
1396	0.0005312407652160536
1397	0.0005312407652160536
1398	0.0005312407652160536
1399	0.0005312407652160536
1400	0.0005312407652160536
1401	0.0005312407652160536
1402	0.0005312407652160536
1403	0.0005312407652160536
1404	0.0005312407652160536
1405	0.0005312407652160536
1406	0.0005312407652160536
1407	0.0005312407652160536
1408	0.0005312407652160536
1409	0.0005312407652160536
1410	0.0005312407652160536
1411	0.0005312407652160536
1412	0.0005312407652160536
1413	0.0005312407652160536
1414	0.0005312407652160536
1415	0.0005312407652160536
1416	0.0005312407652160536
1417	0.0005312407652160536
1418	0.0005312407652160536
1419	0.0005312407652160536
1420	0.0005312407652160536
1421	0.0005312407652160536
1422	0.0005312407652160536
1423	0.0005312407652160536
1424	0.0005312407652160536
1425	0.0005312407652160536
1426	0.0005312407652160536
1427	0.0005312407652160536
1428	0.0005312407652160536
1429	0.0005312407652160536
1430	0.0005312407652160536
1327	0.0005306848106754565
1328	0.0005306848106754565
1329	0.0005306848106754565
1330	0.0005306848106754565
1331	0.0005306848106754565
1332	0.0005306848106754565
1333	0.0005306848106754565
1334	0.0005306848106754565
1335	0.0005306848106754565
1336	0.0005306848106754565
1337	0.0005306848106754565
1338	0.0005306848106754565
1339	0.0005306848106754565
1340	0.0005306848106754565
1341	0.0005306848106754565
1342	0.0005306848106754565
1343	0.0005306848106754565
1344	0.0005306848106754565
1345	0.0005306848106754565
1346	0.0005306848106754565
1347	0.0005306848106754565
1348	0.0005306848106754565
1349	0.0005306848106754565
1350	0.0005306848106754565
1351	0.0005306848106754565
1352	0.0005306848106754565
1353	0.0005306848106754565
1354	0.0005306848106754565
1355	0.0005306848106754565
1356	0.0005306848106754565
1357	0.0005306848106754565
1358	0.0005306848106754565
1359	0.0005306848106754565
1360	0.0005306848106754565
1361	0.0005306848106754565
1362	0.0005306848106754565
1363	0.0005306848106754565
1364	0.0005306848106754565
1365	0.0005306848106754565
1366	0.0005306848106754565
1367	0.0005306848106754565
1368	0.0005306848106754565
1369	0.0005306848106754565
1370	0.0005306848106754565
1371	0.0005306848106754565
1372	0.0005306848106754565
1373	0.0005306848106754565
1374	0.0005306848106754565
1375	0.0005306848106754565
1376	0.0005306848106754565
1377	0.0005306848106754565
1276	0.0005300975194632864
1277	0.0005300975194632864
1278	0.0005300975194632864
1279	0.0005300975194632864
1280	0.0005300975194632864
1281	0.0005300975194632864
1282	0.0005300975194632864
1283	0.0005300975194632864
1284	0.0005300975194632864
1285	0.0005300975194632864
1286	0.0005300975194632864
1287	0.0005300975194632864
1288	0.0005300975194632864
1289	0.0005300975194632864
1290	0.0005300975194632864
1291	0.0005300975194632864
1292	0.0005300975194632864
1293	0.0005300975194632864
1294	0.0005300975194632864
1295	0.0005300975194632864
1296	0.0005300975194632864
1297	0.0005300975194632864
1298	0.0005300975194632864
1299	0.0005300975194632864
1300	0.0005300975194632864
1301	0.0005300975194632864
1302	0.0005300975194632864
1303	0.0005300975194632864
1304	0.0005300975194632864
1305	0.0005300975194632864
1306	0.0005300975194632864
1307	0.0005300975194632864
1308	0.0005300975194632864
1309	0.0005300975194632864
1310	0.0005300975194632864
1311	0.0005300975194632864
1312	0.0005300975194632864
1313	0.0005300975194632864
1314	0.0005300975194632864
1315	0.0005300975194632864
1316	0.0005300975194632864
1317	0.0005300975194632864
1318	0.0005300975194632864
1319	0.0005300975194632864
1320	0.0005300975194632864
1321	0.0005300975194632864
1322	0.0005300975194632864
1323	0.0005300975194632864
1324	0.0005300975194632864
1325	0.0005300975194632864
1226	0.0005294768480448493
1227	0.0005294768480448493
1228	0.0005294768480448493
1229	0.0005294768480448493
1230	0.0005294768480448493
1231	0.0005294768480448493
1232	0.0005294768480448493
1233	0.0005294768480448493
1234	0.0005294768480448493
1235	0.0005294768480448493
1236	0.0005294768480448493
1237	0.0005294768480448493
1238	0.0005294768480448493
1239	0.0005294768480448493
1240	0.0005294768480448493
1241	0.0005294768480448493
1242	0.0005294768480448493
1243	0.0005294768480448493
1244	0.0005294768480448493
1245	0.0005294768480448493
1246	0.0005294768480448493
1247	0.0005294768480448493
1248	0.0005294768480448493
1249	0.0005294768480448493
1250	0.0005294768480448493
1251	0.0005294768480448493
1252	0.0005294768480448493
1253	0.0005294768480448493
1254	0.0005294768480448493
1255	0.0005294768480448493
1256	0.0005294768480448493
1257	0.0005294768480448493
1258	0.0005294768480448493
1259	0.0005294768480448493
1260	0.0005294768480448493
1261	0.0005294768480448493
1262	0.0005294768480448493
1263	0.0005294768480448493
1264	0.0005294768480448493
1265	0.0005294768480448493
1266	0.0005294768480448493
1267	0.0005294768480448493
1268	0.0005294768480448493
1269	0.0005294768480448493
1270	0.0005294768480448493
1271	0.0005294768480448493
1272	0.0005294768480448493
1273	0.0005294768480448493
1274	0.0005294768480448493
1177	0.0005288205885768664
1178	0.0005288205885768664
1179	0.0005288205885768664
1180	0.0005288205885768664
1181	0.0005288205885768664
1182	0.0005288205885768664
1183	0.0005288205885768664
1184	0.0005288205885768664
1185	0.0005288205885768664
1186	0.0005288205885768664
1187	0.0005288205885768664
1188	0.0005288205885768664
1189	0.0005288205885768664
1190	0.0005288205885768664
1191	0.0005288205885768664
1192	0.0005288205885768664
1193	0.0005288205885768664
1194	0.0005288205885768664
1195	0.0005288205885768664
1196	0.0005288205885768664
1197	0.0005288205885768664
1198	0.0005288205885768664
1199	0.0005288205885768664
1200	0.0005288205885768664
1201	0.0005288205885768664
1202	0.0005288205885768664
1203	0.0005288205885768664
1204	0.0005288205885768664
1205	0.0005288205885768664
1206	0.0005288205885768664
1207	0.0005288205885768664
1208	0.0005288205885768664
1209	0.0005288205885768664
1210	0.0005288205885768664
1211	0.0005288205885768664
1212	0.0005288205885768664
1213	0.0005288205885768664
1214	0.0005288205885768664
1215	0.0005288205885768664
1216	0.0005288205885768664
1217	0.0005288205885768664
1218	0.0005288205885768664
1219	0.0005288205885768664
1220	0.0005288205885768664
1221	0.0005288205885768664
1222	0.0005288205885768664
1223	0.0005288205885768664
1224	0.0005288205885768664
1129	0.0005281263527914444
1130	0.0005281263527914444
1131	0.0005281263527914444
1132	0.0005281263527914444
1133	0.0005281263527914444
1134	0.0005281263527914444
1135	0.0005281263527914444
1136	0.0005281263527914444
1137	0.0005281263527914444
1138	0.0005281263527914444
1139	0.0005281263527914444
1140	0.0005281263527914444
1141	0.0005281263527914444
1142	0.0005281263527914444
1143	0.0005281263527914444
1144	0.0005281263527914444
1145	0.0005281263527914444
1146	0.0005281263527914444
1147	0.0005281263527914444
1148	0.0005281263527914444
1149	0.0005281263527914444
1150	0.0005281263527914444
1151	0.0005281263527914444
1152	0.0005281263527914444
1153	0.0005281263527914444
1154	0.0005281263527914444
1155	0.0005281263527914444
1156	0.0005281263527914444
1157	0.0005281263527914444
1158	0.0005281263527914444
1159	0.0005281263527914444
1160	0.0005281263527914444
1161	0.0005281263527914444
1162	0.0005281263527914444
1163	0.0005281263527914444
1164	0.0005281263527914444
1165	0.0005281263527914444
1166	0.0005281263527914444
1167	0.0005281263527914444
1168	0.0005281263527914444
1169	0.0005281263527914444
1170	0.0005281263527914444
1171	0.0005281263527914444
1172	0.0005281263527914444
1173	0.0005281263527914444
1174	0.0005281263527914444
1175	0.0005281263527914444
1082	0.0005273915539871017
1083	0.0005273915539871017
1084	0.0005273915539871017
1085	0.0005273915539871017
1086	0.0005273915539871017
1087	0.0005273915539871017
1088	0.0005273915539871017
1089	0.0005273915539871017
1090	0.0005273915539871017
1091	0.0005273915539871017
1092	0.0005273915539871017
1093	0.0005273915539871017
1094	0.0005273915539871017
1095	0.0005273915539871017
1096	0.0005273915539871017
1097	0.0005273915539871017
1098	0.0005273915539871017
1099	0.0005273915539871017
1100	0.0005273915539871017
1101	0.0005273915539871017
1102	0.0005273915539871017
1103	0.0005273915539871017
1104	0.0005273915539871017
1105	0.0005273915539871017
1106	0.0005273915539871017
1107	0.0005273915539871017
1108	0.0005273915539871017
1109	0.0005273915539871017
1110	0.0005273915539871017
1111	0.0005273915539871017
1112	0.0005273915539871017
1113	0.0005273915539871017
1114	0.0005273915539871017
1115	0.0005273915539871017
1116	0.0005273915539871017
1117	0.0005273915539871017
1118	0.0005273915539871017
1119	0.0005273915539871017
1120	0.0005273915539871017
1121	0.0005273915539871017
1122	0.0005273915539871017
1123	0.0005273915539871017
1124	0.0005273915539871017
1125	0.0005273915539871017
1126	0.0005273915539871017
1127	0.0005273915539871017
1036	0.0005266133868651883
1037	0.0005266133868651883
1038	0.0005266133868651883
1039	0.0005266133868651883
1040	0.0005266133868651883
1041	0.0005266133868651883
1042	0.0005266133868651883
1043	0.0005266133868651883
1044	0.0005266133868651883
1045	0.0005266133868651883
1046	0.0005266133868651883
1047	0.0005266133868651883
1048	0.0005266133868651883
1049	0.0005266133868651883
1050	0.0005266133868651883
1051	0.0005266133868651883
1052	0.0005266133868651883
1053	0.0005266133868651883
1054	0.0005266133868651883
1055	0.0005266133868651883
1056	0.0005266133868651883
1057	0.0005266133868651883
1058	0.0005266133868651883
1059	0.0005266133868651883
1060	0.0005266133868651883
1061	0.0005266133868651883
1062	0.0005266133868651883
1063	0.0005266133868651883
1064	0.0005266133868651883
1065	0.0005266133868651883
1066	0.0005266133868651883
1067	0.0005266133868651883
1068	0.0005266133868651883
1069	0.0005266133868651883
1070	0.0005266133868651883
1071	0.0005266133868651883
1072	0.0005266133868651883
1073	0.0005266133868651883
1074	0.0005266133868651883
1075	0.0005266133868651883
1076	0.0005266133868651883
1077	0.0005266133868651883
1078	0.0005266133868651883
1079	0.0005266133868651883
1080	0.0005266133868651883
991	0.0005257888049081592
992	0.0005257888049081592
993	0.0005257888049081592
994	0.0005257888049081592
995	0.0005257888049081592
996	0.0005257888049081592
997	0.0005257888049081592
998	0.0005257888049081592
999	0.0005257888049081592
1000	0.0005257888049081592
1001	0.0005257888049081592
1002	0.0005257888049081592
1003	0.0005257888049081592
1004	0.0005257888049081592
1005	0.0005257888049081592
1006	0.0005257888049081592
1007	0.0005257888049081592
1008	0.0005257888049081592
1009	0.0005257888049081592
1010	0.0005257888049081592
1011	0.0005257888049081592
1012	0.0005257888049081592
1013	0.0005257888049081592
1014	0.0005257888049081592
1015	0.0005257888049081592
1016	0.0005257888049081592
1017	0.0005257888049081592
1018	0.0005257888049081592
1019	0.0005257888049081592
1020	0.0005257888049081592
1021	0.0005257888049081592
1022	0.0005257888049081592
1023	0.0005257888049081592
1024	0.0005257888049081592
1025	0.0005257888049081592
1026	0.0005257888049081592
1027	0.0005257888049081592
1028	0.0005257888049081592
1029	0.0005257888049081592
1030	0.0005257888049081592
1031	0.0005257888049081592
1032	0.0005257888049081592
1033	0.0005257888049081592
1034	0.0005257888049081592
947	0.0005249144949465332
948	0.0005249144949465332
949	0.0005249144949465332
950	0.0005249144949465332
951	0.0005249144949465332
952	0.0005249144949465332
953	0.0005249144949465332
954	0.0005249144949465332
955	0.0005249144949465332
956	0.0005249144949465332
957	0.0005249144949465332
958	0.0005249144949465332
959	0.0005249144949465332
960	0.0005249144949465332
961	0.0005249144949465332
962	0.0005249144949465332
963	0.0005249144949465332
964	0.0005249144949465332
965	0.0005249144949465332
966	0.0005249144949465332
967	0.0005249144949465332
968	0.0005249144949465332
969	0.0005249144949465332
970	0.0005249144949465332
971	0.0005249144949465332
972	0.0005249144949465332
973	0.0005249144949465332
974	0.0005249144949465332
975	0.0005249144949465332
976	0.0005249144949465332
977	0.0005249144949465332
978	0.0005249144949465332
979	0.0005249144949465332
980	0.0005249144949465332
981	0.0005249144949465332
982	0.0005249144949465332
983	0.0005249144949465332
984	0.0005249144949465332
985	0.0005249144949465332
986	0.0005249144949465332
987	0.0005249144949465332
988	0.0005249144949465332
989	0.0005249144949465332
904	0.0005239868485024408
905	0.0005239868485024408
906	0.0005239868485024408
907	0.0005239868485024408
908	0.0005239868485024408
909	0.0005239868485024408
910	0.0005239868485024408
911	0.0005239868485024408
912	0.0005239868485024408
913	0.0005239868485024408
914	0.0005239868485024408
915	0.0005239868485024408
916	0.0005239868485024408
917	0.0005239868485024408
918	0.0005239868485024408
919	0.0005239868485024408
920	0.0005239868485024408
921	0.0005239868485024408
922	0.0005239868485024408
923	0.0005239868485024408
924	0.0005239868485024408
925	0.0005239868485024408
926	0.0005239868485024408
927	0.0005239868485024408
928	0.0005239868485024408
929	0.0005239868485024408
930	0.0005239868485024408
931	0.0005239868485024408
932	0.0005239868485024408
933	0.0005239868485024408
934	0.0005239868485024408
935	0.0005239868485024408
936	0.0005239868485024408
937	0.0005239868485024408
938	0.0005239868485024408
939	0.0005239868485024408
940	0.0005239868485024408
941	0.0005239868485024408
942	0.0005239868485024408
943	0.0005239868485024408
944	0.0005239868485024408
945	0.0005239868485024408
862	0.0005230019294275718
863	0.0005230019294275718
864	0.0005230019294275718
865	0.0005230019294275718
866	0.0005230019294275718
867	0.0005230019294275718
868	0.0005230019294275718
869	0.0005230019294275718
870	0.0005230019294275718
871	0.0005230019294275718
872	0.0005230019294275718
873	0.0005230019294275718
874	0.0005230019294275718
875	0.0005230019294275718
876	0.0005230019294275718
877	0.0005230019294275718
878	0.0005230019294275718
879	0.0005230019294275718
880	0.0005230019294275718
881	0.0005230019294275718
882	0.0005230019294275718
883	0.0005230019294275718
884	0.0005230019294275718
885	0.0005230019294275718
886	0.0005230019294275718
887	0.0005230019294275718
888	0.0005230019294275718
889	0.0005230019294275718
890	0.0005230019294275718
891	0.0005230019294275718
892	0.0005230019294275718
893	0.0005230019294275718
894	0.0005230019294275718
895	0.0005230019294275718
896	0.0005230019294275718
897	0.0005230019294275718
898	0.0005230019294275718
899	0.0005230019294275718
900	0.0005230019294275718
901	0.0005230019294275718
902	0.0005230019294275718
821	0.0005219554372694655
822	0.0005219554372694655
823	0.0005219554372694655
824	0.0005219554372694655
825	0.0005219554372694655
826	0.0005219554372694655
827	0.0005219554372694655
828	0.0005219554372694655
829	0.0005219554372694655
830	0.0005219554372694655
831	0.0005219554372694655
832	0.0005219554372694655
833	0.0005219554372694655
834	0.0005219554372694655
835	0.0005219554372694655
836	0.0005219554372694655
837	0.0005219554372694655
838	0.0005219554372694655
839	0.0005219554372694655
840	0.0005219554372694655
841	0.0005219554372694655
842	0.0005219554372694655
843	0.0005219554372694655
844	0.0005219554372694655
845	0.0005219554372694655
846	0.0005219554372694655
847	0.0005219554372694655
848	0.0005219554372694655
849	0.0005219554372694655
850	0.0005219554372694655
851	0.0005219554372694655
852	0.0005219554372694655
853	0.0005219554372694655
854	0.0005219554372694655
855	0.0005219554372694655
856	0.0005219554372694655
857	0.0005219554372694655
858	0.0005219554372694655
859	0.0005219554372694655
860	0.0005219554372694655
781	0.0005208426656995548
782	0.0005208426656995548
783	0.0005208426656995548
784	0.0005208426656995548
785	0.0005208426656995548
786	0.0005208426656995548
787	0.0005208426656995548
788	0.0005208426656995548
789	0.0005208426656995548
790	0.0005208426656995548
791	0.0005208426656995548
792	0.0005208426656995548
793	0.0005208426656995548
794	0.0005208426656995548
795	0.0005208426656995548
796	0.0005208426656995548
797	0.0005208426656995548
798	0.0005208426656995548
799	0.0005208426656995548
800	0.0005208426656995548
801	0.0005208426656995548
802	0.0005208426656995548
803	0.0005208426656995548
804	0.0005208426656995548
805	0.0005208426656995548
806	0.0005208426656995548
807	0.0005208426656995548
808	0.0005208426656995548
809	0.0005208426656995548
810	0.0005208426656995548
811	0.0005208426656995548
812	0.0005208426656995548
813	0.0005208426656995548
814	0.0005208426656995548
815	0.0005208426656995548
816	0.0005208426656995548
817	0.0005208426656995548
818	0.0005208426656995548
819	0.0005208426656995548
742	0.0005196584552152545
743	0.0005196584552152545
744	0.0005196584552152545
745	0.0005196584552152545
746	0.0005196584552152545
747	0.0005196584552152545
748	0.0005196584552152545
749	0.0005196584552152545
750	0.0005196584552152545
751	0.0005196584552152545
752	0.0005196584552152545
753	0.0005196584552152545
754	0.0005196584552152545
755	0.0005196584552152545
756	0.0005196584552152545
757	0.0005196584552152545
758	0.0005196584552152545
759	0.0005196584552152545
760	0.0005196584552152545
761	0.0005196584552152545
762	0.0005196584552152545
763	0.0005196584552152545
764	0.0005196584552152545
765	0.0005196584552152545
766	0.0005196584552152545
767	0.0005196584552152545
768	0.0005196584552152545
769	0.0005196584552152545
770	0.0005196584552152545
771	0.0005196584552152545
772	0.0005196584552152545
773	0.0005196584552152545
774	0.0005196584552152545
775	0.0005196584552152545
776	0.0005196584552152545
777	0.0005196584552152545
778	0.0005196584552152545
779	0.0005196584552152545
704	0.0005183971391821516
705	0.0005183971391821516
706	0.0005183971391821516
707	0.0005183971391821516
708	0.0005183971391821516
709	0.0005183971391821516
710	0.0005183971391821516
711	0.0005183971391821516
712	0.0005183971391821516
713	0.0005183971391821516
714	0.0005183971391821516
715	0.0005183971391821516
716	0.0005183971391821516
717	0.0005183971391821516
718	0.0005183971391821516
719	0.0005183971391821516
720	0.0005183971391821516
721	0.0005183971391821516
722	0.0005183971391821516
723	0.0005183971391821516
724	0.0005183971391821516
725	0.0005183971391821516
726	0.0005183971391821516
727	0.0005183971391821516
728	0.0005183971391821516
729	0.0005183971391821516
730	0.0005183971391821516
731	0.0005183971391821516
732	0.0005183971391821516
733	0.0005183971391821516
734	0.0005183971391821516
735	0.0005183971391821516
736	0.0005183971391821516
737	0.0005183971391821516
738	0.0005183971391821516
739	0.0005183971391821516
740	0.0005183971391821516
667	0.000517052482104713
668	0.000517052482104713
669	0.000517052482104713
670	0.000517052482104713
671	0.000517052482104713
672	0.000517052482104713
673	0.000517052482104713
674	0.000517052482104713
675	0.000517052482104713
676	0.000517052482104713
677	0.000517052482104713
678	0.000517052482104713
679	0.000517052482104713
680	0.000517052482104713
681	0.000517052482104713
682	0.000517052482104713
683	0.000517052482104713
684	0.000517052482104713
685	0.000517052482104713
686	0.000517052482104713
687	0.000517052482104713
688	0.000517052482104713
689	0.000517052482104713
690	0.000517052482104713
691	0.000517052482104713
692	0.000517052482104713
693	0.000517052482104713
694	0.000517052482104713
695	0.000517052482104713
696	0.000517052482104713
697	0.000517052482104713
698	0.000517052482104713
699	0.000517052482104713
700	0.000517052482104713
701	0.000517052482104713
702	0.000517052482104713
631	0.0005156176087976032
632	0.0005156176087976032
633	0.0005156176087976032
634	0.0005156176087976032
635	0.0005156176087976032
636	0.0005156176087976032
637	0.0005156176087976032
638	0.0005156176087976032
639	0.0005156176087976032
640	0.0005156176087976032
641	0.0005156176087976032
642	0.0005156176087976032
643	0.0005156176087976032
644	0.0005156176087976032
645	0.0005156176087976032
646	0.0005156176087976032
647	0.0005156176087976032
648	0.0005156176087976032
649	0.0005156176087976032
650	0.0005156176087976032
651	0.0005156176087976032
652	0.0005156176087976032
653	0.0005156176087976032
654	0.0005156176087976032
655	0.0005156176087976032
656	0.0005156176087976032
657	0.0005156176087976032
658	0.0005156176087976032
659	0.0005156176087976032
660	0.0005156176087976032
661	0.0005156176087976032
662	0.0005156176087976032
663	0.0005156176087976032
664	0.0005156176087976032
665	0.0005156176087976032
596	0.0005140849228647754
597	0.0005140849228647754
598	0.0005140849228647754
599	0.0005140849228647754
600	0.0005140849228647754
601	0.0005140849228647754
602	0.0005140849228647754
603	0.0005140849228647754
604	0.0005140849228647754
605	0.0005140849228647754
606	0.0005140849228647754
607	0.0005140849228647754
608	0.0005140849228647754
609	0.0005140849228647754
610	0.0005140849228647754
611	0.0005140849228647754
612	0.0005140849228647754
613	0.0005140849228647754
614	0.0005140849228647754
615	0.0005140849228647754
616	0.0005140849228647754
617	0.0005140849228647754
618	0.0005140849228647754
619	0.0005140849228647754
620	0.0005140849228647754
621	0.0005140849228647754
622	0.0005140849228647754
623	0.0005140849228647754
624	0.0005140849228647754
625	0.0005140849228647754
626	0.0005140849228647754
627	0.0005140849228647754
628	0.0005140849228647754
629	0.0005140849228647754
562	0.000512446012567841
563	0.000512446012567841
564	0.000512446012567841
565	0.000512446012567841
566	0.000512446012567841
567	0.000512446012567841
568	0.000512446012567841
569	0.000512446012567841
570	0.000512446012567841
571	0.000512446012567841
572	0.000512446012567841
573	0.000512446012567841
574	0.000512446012567841
575	0.000512446012567841
576	0.000512446012567841
577	0.000512446012567841
578	0.000512446012567841
579	0.000512446012567841
580	0.000512446012567841
581	0.000512446012567841
582	0.000512446012567841
583	0.000512446012567841
584	0.000512446012567841
585	0.000512446012567841
586	0.000512446012567841
587	0.000512446012567841
588	0.000512446012567841
589	0.000512446012567841
590	0.000512446012567841
591	0.000512446012567841
592	0.000512446012567841
593	0.000512446012567841
594	0.000512446012567841
529	0.0005106915417626417
530	0.0005106915417626417
531	0.0005106915417626417
532	0.0005106915417626417
533	0.0005106915417626417
534	0.0005106915417626417
535	0.0005106915417626417
536	0.0005106915417626417
537	0.0005106915417626417
538	0.0005106915417626417
539	0.0005106915417626417
540	0.0005106915417626417
541	0.0005106915417626417
542	0.0005106915417626417
543	0.0005106915417626417
544	0.0005106915417626417
545	0.0005106915417626417
546	0.0005106915417626417
547	0.0005106915417626417
548	0.0005106915417626417
549	0.0005106915417626417
550	0.0005106915417626417
551	0.0005106915417626417
552	0.0005106915417626417
553	0.0005106915417626417
554	0.0005106915417626417
555	0.0005106915417626417
556	0.0005106915417626417
557	0.0005106915417626417
558	0.0005106915417626417
559	0.0005106915417626417
560	0.0005106915417626417
497	0.0005088111230830818
498	0.0005088111230830818
499	0.0005088111230830818
500	0.0005088111230830818
501	0.0005088111230830818
502	0.0005088111230830818
503	0.0005088111230830818
504	0.0005088111230830818
505	0.0005088111230830818
506	0.0005088111230830818
507	0.0005088111230830818
508	0.0005088111230830818
509	0.0005088111230830818
510	0.0005088111230830818
511	0.0005088111230830818
512	0.0005088111230830818
513	0.0005088111230830818
514	0.0005088111230830818
515	0.0005088111230830818
516	0.0005088111230830818
517	0.0005088111230830818
518	0.0005088111230830818
519	0.0005088111230830818
520	0.0005088111230830818
521	0.0005088111230830818
522	0.0005088111230830818
523	0.0005088111230830818
524	0.0005088111230830818
525	0.0005088111230830818
526	0.0005088111230830818
527	0.0005088111230830818
466	0.0005067931699269821
467	0.0005067931699269821
468	0.0005067931699269821
469	0.0005067931699269821
470	0.0005067931699269821
471	0.0005067931699269821
472	0.0005067931699269821
473	0.0005067931699269821
474	0.0005067931699269821
475	0.0005067931699269821
476	0.0005067931699269821
477	0.0005067931699269821
478	0.0005067931699269821
479	0.0005067931699269821
480	0.0005067931699269821
481	0.0005067931699269821
482	0.0005067931699269821
483	0.0005067931699269821
484	0.0005067931699269821
485	0.0005067931699269821
486	0.0005067931699269821
487	0.0005067931699269821
488	0.0005067931699269821
489	0.0005067931699269821
490	0.0005067931699269821
491	0.0005067931699269821
492	0.0005067931699269821
493	0.0005067931699269821
494	0.0005067931699269821
495	0.0005067931699269821
436	0.0005046247230148481
437	0.0005046247230148481
438	0.0005046247230148481
439	0.0005046247230148481
440	0.0005046247230148481
441	0.0005046247230148481
442	0.0005046247230148481
443	0.0005046247230148481
444	0.0005046247230148481
445	0.0005046247230148481
446	0.0005046247230148481
447	0.0005046247230148481
448	0.0005046247230148481
449	0.0005046247230148481
450	0.0005046247230148481
451	0.0005046247230148481
452	0.0005046247230148481
453	0.0005046247230148481
454	0.0005046247230148481
455	0.0005046247230148481
456	0.0005046247230148481
457	0.0005046247230148481
458	0.0005046247230148481
459	0.0005046247230148481
460	0.0005046247230148481
461	0.0005046247230148481
462	0.0005046247230148481
463	0.0005046247230148481
464	0.0005046247230148481
407	0.0005022912463022377
408	0.0005022912463022377
409	0.0005022912463022377
410	0.0005022912463022377
411	0.0005022912463022377
412	0.0005022912463022377
413	0.0005022912463022377
414	0.0005022912463022377
415	0.0005022912463022377
416	0.0005022912463022377
417	0.0005022912463022377
418	0.0005022912463022377
419	0.0005022912463022377
420	0.0005022912463022377
421	0.0005022912463022377
422	0.0005022912463022377
423	0.0005022912463022377
424	0.0005022912463022377
425	0.0005022912463022377
426	0.0005022912463022377
427	0.0005022912463022377
428	0.0005022912463022377
429	0.0005022912463022377
430	0.0005022912463022377
431	0.0005022912463022377
432	0.0005022912463022377
433	0.0005022912463022377
434	0.0005022912463022377
379	0.0004997763857678433
380	0.0004997763857678433
381	0.0004997763857678433
382	0.0004997763857678433
383	0.0004997763857678433
384	0.0004997763857678433
385	0.0004997763857678433
386	0.0004997763857678433
387	0.0004997763857678433
388	0.0004997763857678433
389	0.0004997763857678433
390	0.0004997763857678433
391	0.0004997763857678433
392	0.0004997763857678433
393	0.0004997763857678433
394	0.0004997763857678433
395	0.0004997763857678433
396	0.0004997763857678433
397	0.0004997763857678433
398	0.0004997763857678433
399	0.0004997763857678433
400	0.0004997763857678433
401	0.0004997763857678433
402	0.0004997763857678433
403	0.0004997763857678433
404	0.0004997763857678433
405	0.0004997763857678433
352	0.0004970616829890779
353	0.0004970616829890779
354	0.0004970616829890779
355	0.0004970616829890779
356	0.0004970616829890779
357	0.0004970616829890779
358	0.0004970616829890779
359	0.0004970616829890779
360	0.0004970616829890779
361	0.0004970616829890779
362	0.0004970616829890779
363	0.0004970616829890779
364	0.0004970616829890779
365	0.0004970616829890779
366	0.0004970616829890779
367	0.0004970616829890779
368	0.0004970616829890779
369	0.0004970616829890779
370	0.0004970616829890779
371	0.0004970616829890779
372	0.0004970616829890779
373	0.0004970616829890779
374	0.0004970616829890779
375	0.0004970616829890779
376	0.0004970616829890779
377	0.0004970616829890779
326	0.0004941262333422599
327	0.0004941262333422599
328	0.0004941262333422599
329	0.0004941262333422599
330	0.0004941262333422599
331	0.0004941262333422599
332	0.0004941262333422599
333	0.0004941262333422599
334	0.0004941262333422599
335	0.0004941262333422599
336	0.0004941262333422599
337	0.0004941262333422599
338	0.0004941262333422599
339	0.0004941262333422599
340	0.0004941262333422599
341	0.0004941262333422599
342	0.0004941262333422599
343	0.0004941262333422599
344	0.0004941262333422599
345	0.0004941262333422599
346	0.0004941262333422599
347	0.0004941262333422599
348	0.0004941262333422599
349	0.0004941262333422599
350	0.0004941262333422599
301	0.0004909462759717647
302	0.0004909462759717647
303	0.0004909462759717647
304	0.0004909462759717647
305	0.0004909462759717647
306	0.0004909462759717647
307	0.0004909462759717647
308	0.0004909462759717647
309	0.0004909462759717647
310	0.0004909462759717647
311	0.0004909462759717647
312	0.0004909462759717647
313	0.0004909462759717647
314	0.0004909462759717647
315	0.0004909462759717647
316	0.0004909462759717647
317	0.0004909462759717647
318	0.0004909462759717647
319	0.0004909462759717647
320	0.0004909462759717647
321	0.0004909462759717647
322	0.0004909462759717647
323	0.0004909462759717647
324	0.0004909462759717647
277	0.0004874946991501494
278	0.0004874946991501494
279	0.0004874946991501494
280	0.0004874946991501494
281	0.0004874946991501494
282	0.0004874946991501494
283	0.0004874946991501494
284	0.0004874946991501494
285	0.0004874946991501494
286	0.0004874946991501494
287	0.0004874946991501494
288	0.0004874946991501494
289	0.0004874946991501494
290	0.0004874946991501494
291	0.0004874946991501494
292	0.0004874946991501494
293	0.0004874946991501494
294	0.0004874946991501494
295	0.0004874946991501494
296	0.0004874946991501494
297	0.0004874946991501494
298	0.0004874946991501494
299	0.0004874946991501494
254	0.00048374044000546547
255	0.00048374044000546547
256	0.00048374044000546547
257	0.00048374044000546547
258	0.00048374044000546547
259	0.00048374044000546547
260	0.00048374044000546547
261	0.00048374044000546547
262	0.00048374044000546547
263	0.00048374044000546547
264	0.00048374044000546547
265	0.00048374044000546547
266	0.00048374044000546547
267	0.00048374044000546547
268	0.00048374044000546547
269	0.00048374044000546547
270	0.00048374044000546547
271	0.00048374044000546547
272	0.00048374044000546547
273	0.00048374044000546547
274	0.00048374044000546547
275	0.00048374044000546547
232	0.0004796477514098681
233	0.0004796477514098681
234	0.0004796477514098681
235	0.0004796477514098681
236	0.0004796477514098681
237	0.0004796477514098681
238	0.0004796477514098681
239	0.0004796477514098681
240	0.0004796477514098681
241	0.0004796477514098681
242	0.0004796477514098681
243	0.0004796477514098681
244	0.0004796477514098681
245	0.0004796477514098681
246	0.0004796477514098681
247	0.0004796477514098681
248	0.0004796477514098681
249	0.0004796477514098681
250	0.0004796477514098681
251	0.0004796477514098681
252	0.0004796477514098681
211	0.0004751753005194468
212	0.0004751753005194468
213	0.0004751753005194468
214	0.0004751753005194468
215	0.0004751753005194468
216	0.0004751753005194468
217	0.0004751753005194468
218	0.0004751753005194468
219	0.0004751753005194468
220	0.0004751753005194468
221	0.0004751753005194468
222	0.0004751753005194468
223	0.0004751753005194468
224	0.0004751753005194468
225	0.0004751753005194468
226	0.0004751753005194468
227	0.0004751753005194468
228	0.0004751753005194468
229	0.0004751753005194468
230	0.0004751753005194468
191	0.0004702750521876878
192	0.0004702750521876878
193	0.0004702750521876878
194	0.0004702750521876878
195	0.0004702750521876878
196	0.0004702750521876878
197	0.0004702750521876878
198	0.0004702750521876878
199	0.0004702750521876878
200	0.0004702750521876878
201	0.0004702750521876878
202	0.0004702750521876878
203	0.0004702750521876878
204	0.0004702750521876878
205	0.0004702750521876878
206	0.0004702750521876878
207	0.0004702750521876878
208	0.0004702750521876878
209	0.0004702750521876878
172	0.0004648908750206451
173	0.0004648908750206451
174	0.0004648908750206451
175	0.0004648908750206451
176	0.0004648908750206451
177	0.0004648908750206451
178	0.0004648908750206451
179	0.0004648908750206451
180	0.0004648908750206451
181	0.0004648908750206451
182	0.0004648908750206451
183	0.0004648908750206451
184	0.0004648908750206451
185	0.0004648908750206451
186	0.0004648908750206451
187	0.0004648908750206451
188	0.0004648908750206451
189	0.0004648908750206451
154	0.00045895678639821565
155	0.00045895678639821565
156	0.00045895678639821565
157	0.00045895678639821565
158	0.00045895678639821565
159	0.00045895678639821565
160	0.00045895678639821565
161	0.00045895678639821565
162	0.00045895678639821565
163	0.00045895678639821565
164	0.00045895678639821565
165	0.00045895678639821565
166	0.00045895678639821565
167	0.00045895678639821565
168	0.00045895678639821565
169	0.00045895678639821565
170	0.00045895678639821565
137	0.00045239472265774544
138	0.00045239472265774544
139	0.00045239472265774544
140	0.00045239472265774544
141	0.00045239472265774544
142	0.00045239472265774544
143	0.00045239472265774544
144	0.00045239472265774544
145	0.00045239472265774544
146	0.00045239472265774544
147	0.00045239472265774544
148	0.00045239472265774544
149	0.00045239472265774544
150	0.00045239472265774544
151	0.00045239472265774544
152	0.00045239472265774544
121	0.0004451116777321715
122	0.0004451116777321715
123	0.0004451116777321715
124	0.0004451116777321715
125	0.0004451116777321715
126	0.0004451116777321715
127	0.0004451116777321715
128	0.0004451116777321715
129	0.0004451116777321715
130	0.0004451116777321715
131	0.0004451116777321715
132	0.0004451116777321715
133	0.0004451116777321715
134	0.0004451116777321715
135	0.0004451116777321715
106	0.0004369959915379911
107	0.0004369959915379911
108	0.0004369959915379911
109	0.0004369959915379911
110	0.0004369959915379911
111	0.0004369959915379911
112	0.0004369959915379911
113	0.0004369959915379911
114	0.0004369959915379911
115	0.0004369959915379911
116	0.0004369959915379911
117	0.0004369959915379911
118	0.0004369959915379911
119	0.0004369959915379911
92	0.00042791247838770577
93	0.00042791247838770577
94	0.00042791247838770577
95	0.00042791247838770577
96	0.00042791247838770577
97	0.00042791247838770577
98	0.00042791247838770577
99	0.00042791247838770577
100	0.00042791247838770577
101	0.00042791247838770577
102	0.00042791247838770577
103	0.00042791247838770577
104	0.00042791247838770577
79	0.0004176959497321155
80	0.0004176959497321155
81	0.0004176959497321155
82	0.0004176959497321155
83	0.0004176959497321155
84	0.0004176959497321155
85	0.0004176959497321155
86	0.0004176959497321155
87	0.0004176959497321155
88	0.0004176959497321155
89	0.0004176959497321155
90	0.0004176959497321155
67	0.0004061424785259948
68	0.0004061424785259948
69	0.0004061424785259948
70	0.0004061424785259948
71	0.0004061424785259948
72	0.0004061424785259948
73	0.0004061424785259948
74	0.0004061424785259948
75	0.0004061424785259948
76	0.0004061424785259948
77	0.0004061424785259948
56	0.00039299743067224805
57	0.00039299743067224805
58	0.00039299743067224805
59	0.00039299743067224805
60	0.00039299743067224805
61	0.00039299743067224805
62	0.00039299743067224805
63	0.00039299743067224805
64	0.00039299743067224805
65	0.00039299743067224805
46	0.00037793877691856873
47	0.00037793877691856873
48	0.00037793877691856873
49	0.00037793877691856873
50	0.00037793877691856873
51	0.00037793877691856873
52	0.00037793877691856873
53	0.00037793877691856873
54	0.00037793877691856873
37	0.00036055336252610343
38	0.00036055336252610343
39	0.00036055336252610343
40	0.00036055336252610343
41	0.00036055336252610343
42	0.00036055336252610343
43	0.00036055336252610343
44	0.00036055336252610343
29	0.000340302407046454
30	0.000340302407046454
31	0.000340302407046454
32	0.000340302407046454
33	0.000340302407046454
34	0.000340302407046454
35	0.000340302407046454
22	0.00031647006728324176
23	0.00031647006728324176
24	0.00031647006728324176
25	0.00031647006728324176
26	0.00031647006728324176
27	0.00031647006728324176
16	0.0002880845016457629
17	0.0002880845016457629
18	0.0002880845016457629
19	0.0002880845016457629
20	0.0002880845016457629
11	0.0002537926112171428
12	0.0002537926112171428
13	0.0002537926112171428
14	0.0002537926112171428
7	0.00021165330938890383
8	0.00021165330938890383
9	0.00021165330938890383
4	0.00015877998880707388
5	0.00015877998880707388
2	9.068609546283473e-05
