1830	0.0011794907207217415
1770	0.0011791132604847925
1711	0.0011787182299897573
1653	0.0011783046365473823
1596	0.0011778714178072528
1540	0.0011774174357971454
1485	0.0011769414703533911
1431	0.0011764422118692222
1378	0.00117591825327849
1326	0.001175368081178509
1275	0.0011747900659852739
1225	0.0011741824509952394
1176	0.0011735433402129734
1128	0.0011728706847786428
1081	0.0011721622678068286
1035	0.0011714156874165515
990	0.0011706283377004886
946	0.0011697973873331328
903	0.0011689197554782809
861	0.0011679920845858787
820	0.0011670107096108614
780	0.0011659716230883945
741	0.0011648704354128025
703	0.0011637023295334352
666	0.0011624620091381212
630	0.0011611436392136472
595	0.0011597407776494874
561	0.0011582462962777499
528	0.0011566522894067485
496	0.0011549499674875275
465	0.001153129533031876
435	0.0011511800352402171
406	0.0011490891989704907
378	0.001146843222630139
351	0.0011444265382246773
325	0.0011418215250523864
300	0.001139008166294972
276	0.0011359636348008061
253	0.001132661790465249
231	0.0011290725664530954
210	0.001125161214550923
190	0.0011208873705147915
171	0.0011162038873516666
153	0.0011110553665321097
136	0.0011053762919284664
120	0.0010990886353840343
105	0.0010920987509534825
91	0.0010842932987116056
78	0.0010755338252901065
66	0.0010656494551259288
55	0.0010544268771724872
45	0.001041596383465897
36	0.0010268120165445667
28	0.0010096227074153498
21	0.0009894292452569662
15	0.0009654182436214233
10	0.0009364573557718074
6	0.0009009223367661201
3	0.0008563979548234771
1	0.000799130543627249
1831	0.0005347615010224571
1832	0.0005347615010224571
1833	0.0005347615010224571
1834	0.0005347615010224571
1835	0.0005347615010224571
1836	0.0005347615010224571
1837	0.0005347615010224571
1838	0.0005347615010224571
1839	0.0005347615010224571
1840	0.0005347615010224571
1841	0.0005347615010224571
1842	0.0005347615010224571
1843	0.0005347615010224571
1844	0.0005347615010224571
1845	0.0005347615010224571
1846	0.0005347615010224571
1847	0.0005347615010224571
1848	0.0005347615010224571
1849	0.0005347615010224571
1850	0.0005347615010224571
1851	0.0005347615010224571
1852	0.0005347615010224571
1853	0.0005347615010224571
1854	0.0005347615010224571
1855	0.0005347615010224571
1856	0.0005347615010224571
1857	0.0005347615010224571
1858	0.0005347615010224571
1859	0.0005347615010224571
1860	0.0005347615010224571
1861	0.0005347615010224571
1862	0.0005347615010224571
1863	0.0005347615010224571
1864	0.0005347615010224571
1865	0.0005347615010224571
1866	0.0005347615010224571
1867	0.0005347615010224571
1868	0.0005347615010224571
1869	0.0005347615010224571
1870	0.0005347615010224571
1871	0.0005347615010224571
1872	0.0005347615010224571
1873	0.0005347615010224571
1874	0.0005347615010224571
1875	0.0005347615010224571
1876	0.0005347615010224571
1877	0.0005347615010224571
1878	0.0005347615010224571
1879	0.0005347615010224571
1880	0.0005347615010224571
1881	0.0005347615010224571
1882	0.0005347615010224571
1883	0.0005347615010224571
1884	0.0005347615010224571
1885	0.0005347615010224571
1886	0.0005347615010224571
1887	0.0005347615010224571
1888	0.0005347615010224571
1889	0.0005347615010224571
1890	0.0005347615010224571
1772	0.0005343982286851195
1782	0.000534398228685112
1784	0.000534398228685112
1801	0.0005343982286851109
1785	0.0005343982286851069
1778	0.0005343982286851065
1774	0.0005343982286850989
1806	0.0005343982286850989
1795	0.0005343982286850983
1794	0.0005343982286850962
1797	0.000534398228685095
1823	0.0005343982286850936
1791	0.0005343982286850929
1811	0.0005343982286850914
1816	0.0005343982286850914
1775	0.000534398228685091
1810	0.0005343982286850908
1815	0.0005343982286850887
1788	0.0005343982286850882
1820	0.0005343982286850873
1805	0.0005343982286850865
1796	0.0005343982286850863
1786	0.0005343982286850849
1790	0.000534398228685084
1821	0.000534398228685084
1799	0.0005343982286850833
1804	0.0005343982286850798
1773	0.000534398228685078
1825	0.000534398228685077
1783	0.0005343982286850751
1793	0.0005343982286850751
1780	0.0005343982286850746
1777	0.0005343982286850732
1809	0.0005343982286850718
1807	0.0005343982286850712
1802	0.00053439822868507
1826	0.0005343982286850694
1828	0.0005343982286850686
1812	0.0005343982286850625
1814	0.0005343982286850599
1818	0.0005343982286850585
1776	0.0005343982286850577
1781	0.0005343982286850451
1817	0.0005343982286850435
1819	0.0005343982286850409
1827	0.0005343982286850371
1792	0.0005343982286850348
1824	0.0005343982286850296
1800	0.0005343982286850288
1822	0.0005343982286850285
1787	0.0005343982286850217
1813	0.0005343982286850162
1803	0.0005343982286850065
1798	0.0005343982286850015
1808	0.0005343982286849965
1789	0.0005343982286849589
1771	0.0005343982286849496
1779	0.0005343982286849038
1829	0.000534398228684177
1734	0.0005340155164541792
1726	0.0005340155164541596
1737	0.0005340155164541518
1718	0.0005340155164541499
1730	0.0005340155164541455
1716	0.000534015516454141
1720	0.0005340155164541396
1754	0.0005340155164541352
1757	0.0005340155164541257
1741	0.0005340155164541176
1747	0.0005340155164541083
1712	0.0005340155164541079
1752	0.0005340155164541017
1744	0.0005340155164541003
1750	0.0005340155164540976
1760	0.0005340155164540938
1745	0.0005340155164540922
1724	0.0005340155164540886
1740	0.0005340155164540867
1762	0.0005340155164540829
1713	0.0005340155164540821
1723	0.0005340155164540816
1756	0.0005340155164540802
1748	0.0005340155164540774
1738	0.000534015516454076
1769	0.0005340155164540758
1751	0.0005340155164540755
1764	0.0005340155164540751
1742	0.000534015516454075
1766	0.0005340155164540745
1733	0.0005340155164540734
1767	0.0005340155164540718
1768	0.000534015516454071
1759	0.0005340155164540708
1719	0.0005340155164540699
1725	0.0005340155164540699
1765	0.000534015516454069
1727	0.0005340155164540633
1722	0.0005340155164540615
1761	0.0005340155164540615
1731	0.000534015516454061
1732	0.0005340155164540587
1743	0.0005340155164540568
1728	0.000534015516454054
1749	0.0005340155164540514
1758	0.0005340155164540465
1763	0.0005340155164540451
1753	0.0005340155164540362
1746	0.0005340155164540289
1739	0.0005340155164540273
1729	0.0005340155164540243
1736	0.0005340155164540241
1755	0.0005340155164540124
1714	0.00053401551645401
1717	0.0005340155164540086
1715	0.0005340155164540035
1721	0.0005340155164539912
1735	0.0005340155164539819
1654	0.0005336122197385131
1673	0.0005336122197384409
1657	0.0005336122197384369
1660	0.0005336122197384271
1663	0.0005336122197384225
1668	0.0005336122197384136
1677	0.0005336122197384063
1682	0.0005336122197384023
1665	0.0005336122197383902
1671	0.0005336122197383852
1661	0.0005336122197383742
1679	0.0005336122197383733
1684	0.0005336122197383658
1689	0.0005336122197383534
1702	0.0005336122197383508
1686	0.0005336122197383425
1692	0.0005336122197383397
1704	0.0005336122197383377
1696	0.0005336122197383374
1699	0.0005336122197383359
1670	0.000533612219738335
1710	0.0005336122197383312
1693	0.0005336122197383265
1656	0.0005336122197383256
1700	0.0005336122197383256
1691	0.0005336122197383251
1659	0.0005336122197383243
1708	0.0005336122197383237
1666	0.00053361221973832
1705	0.0005336122197383176
1667	0.0005336122197383165
1695	0.0005336122197383146
1706	0.0005336122197383096
1680	0.0005336122197383073
1687	0.0005336122197383071
1688	0.0005336122197383069
1685	0.0005336122197383039
1707	0.0005336122197383031
1698	0.0005336122197383013
1703	0.0005336122197382985
1709	0.0005336122197382962
1676	0.0005336122197382928
1694	0.000533612219738292
1675	0.0005336122197382893
1674	0.0005336122197382863
1669	0.0005336122197382857
1672	0.0005336122197382783
1697	0.0005336122197382772
1701	0.0005336122197382664
1678	0.0005336122197382507
1681	0.0005336122197382372
1683	0.0005336122197382362
1662	0.000533612219738233
1690	0.0005336122197382245
1664	0.0005336122197382193
1655	0.0005336122197381946
1658	0.0005336122197381927
1599	0.0005331871121964928
1608	0.0005331871121963456
1597	0.0005331871121963393
1624	0.0005331871121963326
1602	0.0005331871121963284
1627	0.0005331871121962818
1611	0.0005331871121962804
1616	0.000533187112196275
1605	0.0005331871121962607
1618	0.0005331871121962526
1635	0.0005331871121962477
1644	0.0005331871121962463
1631	0.0005331871121962444
1620	0.0005331871121962437
1614	0.0005331871121962427
1636	0.0005331871121962388
1619	0.0005331871121962383
1651	0.0005331871121962369
1633	0.0005331871121962322
1622	0.0005331871121962277
1639	0.0005331871121962232
1640	0.0005331871121962224
1642	0.00053318711219622
1646	0.0005331871121962177
1621	0.0005331871121962172
1650	0.0005331871121962161
1647	0.000533187112196216
1601	0.000533187112196215
1649	0.0005331871121962112
1645	0.0005331871121962107
1610	0.0005331871121962087
1648	0.0005331871121962081
1630	0.0005331871121962065
1637	0.0005331871121962062
1625	0.0005331871121962061
1612	0.0005331871121962044
1606	0.0005331871121962025
1615	0.0005331871121961944
1641	0.0005331871121961925
1603	0.000533187112196192
1643	0.0005331871121961821
1628	0.0005331871121961712
1607	0.0005331871121961709
1652	0.0005331871121961709
1638	0.0005331871121961675
1623	0.000533187112196154
1632	0.0005331871121961539
1629	0.000533187112196146
1604	0.0005331871121961408
1634	0.0005331871121961313
1617	0.0005331871121961192
1626	0.0005331871121961169
1613	0.0005331871121961103
1609	0.0005331871121960828
1598	0.0005331871121959878
1600	0.0005331871121959448
1548	0.000532738878680172
1542	0.0005327388786801271
1545	0.000532738878680077
1562	0.0005327388786800699
1558	0.000532738878680035
1583	0.0005327388786799909
1572	0.0005327388786799897
1580	0.000532738878679986
1571	0.0005327388786799805
1557	0.0005327388786799794
1577	0.0005327388786799699
1568	0.0005327388786799633
1556	0.000532738878679963
1592	0.0005327388786799605
1546	0.0005327388786799511
1588	0.0005327388786799511
1566	0.0005327388786799436
1564	0.0005327388786799349
1555	0.0005327388786799337
1582	0.0005327388786799303
1554	0.0005327388786799268
1594	0.0005327388786799256
1590	0.0005327388786799251
1567	0.00053273887867992
1578	0.0005327388786799193
1573	0.0005327388786799172
1553	0.0005327388786799165
1585	0.0005327388786799072
1587	0.000532738878679903
1549	0.0005327388786799006
1559	0.000532738878679899
1586	0.0005327388786798987
1560	0.0005327388786798978
1593	0.0005327388786798971
1574	0.0005327388786798943
1591	0.0005327388786798897
1543	0.0005327388786798831
1565	0.0005327388786798787
1579	0.0005327388786798734
1581	0.0005327388786798696
1589	0.0005327388786798676
1576	0.000532738878679866
1550	0.0005327388786798642
1584	0.0005327388786798619
1551	0.0005327388786798601
1575	0.0005327388786798586
1569	0.0005327388786798585
1595	0.000532738878679852
1541	0.0005327388786798477
1570	0.0005327388786798375
1563	0.0005327388786797989
1561	0.0005327388786797799
1552	0.0005327388786797678
1544	0.0005327388786796453
1547	0.0005327388786796403
1488	0.0005322661074556073
1503	0.0005322661074555351
1514	0.0005322661074555331
1521	0.0005322661074555236
1516	0.0005322661074554745
1499	0.0005322661074554696
1527	0.000532266107455467
1519	0.000532266107455461
1518	0.0005322661074554591
1501	0.0005322661074554579
1497	0.0005322661074554482
1533	0.0005322661074554482
1509	0.0005322661074554385
1505	0.0005322661074554341
1523	0.0005322661074554314
1494	0.0005322661074554124
1493	0.0005322661074554035
1507	0.0005322661074553932
1539	0.000532266107455374
1537	0.000532266107455371
1524	0.0005322661074553657
1511	0.0005322661074553596
1495	0.000532266107455359
1530	0.000532266107455359
1535	0.0005322661074553579
1531	0.0005322661074553554
1508	0.0005322661074553548
1510	0.000532266107455345
1491	0.0005322661074553441
1490	0.0005322661074553422
1532	0.0005322661074553362
1506	0.0005322661074553291
1512	0.0005322661074553235
1538	0.0005322661074553225
1526	0.0005322661074553208
1525	0.0005322661074553186
1517	0.0005322661074553168
1522	0.000532266107455316
1536	0.0005322661074553156
1528	0.0005322661074553113
1529	0.000532266107455306
1515	0.0005322661074553055
1498	0.0005322661074552992
1534	0.0005322661074552964
1487	0.0005322661074552899
1513	0.0005322661074552893
1496	0.000532266107455288
1504	0.0005322661074552703
1486	0.0005322661074552494
1492	0.0005322661074552436
1500	0.0005322661074551931
1502	0.0005322661074551637
1489	0.0005322661074551116
1520	0.0005322661074550631
1450	0.0005317672816114017
1442	0.0005317672816113091
1439	0.0005317672816113014
1434	0.0005317672816112993
1432	0.0005317672816112948
1438	0.0005317672816111759
1459	0.0005317672816111712
1448	0.0005317672816111495
1446	0.0005317672816111343
1453	0.0005317672816111289
1461	0.0005317672816111226
1474	0.0005317672816111224
1444	0.0005317672816111119
1452	0.0005317672816111111
1458	0.0005317672816111034
1445	0.0005317672816110979
1457	0.0005317672816110892
1481	0.0005317672816110858
1479	0.0005317672816110704
1467	0.0005317672816110682
1469	0.0005317672816110619
1465	0.0005317672816110597
1470	0.0005317672816110374
1475	0.0005317672816110365
1462	0.0005317672816110299
1464	0.0005317672816110261
1476	0.0005317672816110237
1484	0.0005317672816110237
1482	0.0005317672816110076
1483	0.0005317672816109988
1435	0.0005317672816109859
1437	0.0005317672816109602
1466	0.0005317672816109586
1468	0.0005317672816109571
1473	0.0005317672816109554
1478	0.000531767281610952
1455	0.0005317672816109499
1472	0.0005317672816109442
1477	0.0005317672816109248
1436	0.0005317672816109078
1480	0.0005317672816109003
1463	0.0005317672816108835
1471	0.0005317672816108657
1440	0.0005317672816108546
1454	0.0005317672816108496
1460	0.0005317672816108449
1456	0.0005317672816108386
1447	0.0005317672816107736
1451	0.0005317672816107201
1441	0.000531767281610705
1449	0.0005317672816106807
1443	0.0005317672816105527
1433	0.0005317672816103997
1389	0.0005312407695572118
1379	0.0005312407695571574
1380	0.0005312407695571368
1400	0.0005312407695571195
1396	0.0005312407695571185
1391	0.0005312407695570744
1387	0.0005312407695570693
1417	0.0005312407695570386
1384	0.0005312407695570289
1382	0.0005312407695570279
1386	0.0005312407695570279
1421	0.0005312407695570172
1426	0.0005312407695570161
1419	0.0005312407695570088
1405	0.0005312407695570061
1423	0.0005312407695569991
1404	0.0005312407695569906
1428	0.0005312407695569833
1402	0.0005312407695569807
1412	0.0005312407695569793
1394	0.0005312407695569585
1429	0.0005312407695569562
1424	0.0005312407695569559
1409	0.0005312407695569471
1406	0.0005312407695569407
1430	0.0005312407695569362
1411	0.0005312407695569339
1399	0.0005312407695569332
1413	0.0005312407695569238
1414	0.000531240769556915
1408	0.000531240769556913
1403	0.0005312407695569122
1427	0.0005312407695569092
1385	0.0005312407695569061
1416	0.0005312407695568942
1420	0.0005312407695568853
1393	0.0005312407695568852
1422	0.0005312407695568691
1395	0.0005312407695568683
1392	0.0005312407695568643
1415	0.0005312407695568629
1398	0.0005312407695568583
1401	0.0005312407695568571
1418	0.000531240769556834
1407	0.000531240769556832
1410	0.0005312407695568082
1383	0.0005312407695567763
1425	0.0005312407695567733
1397	0.0005312407695567417
1390	0.0005312407695566711
1381	0.0005312407695566613
1388	0.0005312407695565718
1349	0.0005306848145000619
1337	0.0005306848144999197
1342	0.0005306848144998667
1353	0.0005306848144998632
1362	0.0005306848144998238
1330	0.0005306848144998154
1335	0.0005306848144998048
1332	0.0005306848144997359
1344	0.0005306848144997001
1339	0.0005306848144996991
1333	0.0005306848144996854
1360	0.0005306848144996854
1351	0.0005306848144996534
1358	0.000530684814499635
1367	0.0005306848144996265
1363	0.0005306848144995992
1328	0.000530684814499599
1369	0.0005306848144995977
1377	0.0005306848144995947
1376	0.0005306848144995939
1357	0.0005306848144995868
1372	0.0005306848144995849
1355	0.0005306848144995733
1371	0.0005306848144995677
1329	0.0005306848144995668
1341	0.0005306848144995607
1346	0.0005306848144995607
1365	0.0005306848144995589
1368	0.0005306848144995584
1370	0.0005306848144995571
1375	0.0005306848144995512
1374	0.0005306848144995443
1373	0.0005306848144995297
1359	0.0005306848144994951
1356	0.0005306848144994949
1366	0.0005306848144994845
1364	0.000530684814499477
1340	0.0005306848144994449
1347	0.000530684814499395
1345	0.0005306848144993859
1361	0.0005306848144993733
1352	0.0005306848144993727
1350	0.0005306848144993687
1327	0.0005306848144993314
1354	0.0005306848144992793
1334	0.0005306848144992519
1343	0.0005306848144992339
1336	0.000530684814499176
1348	0.0005306848144991753
1331	0.0005306848144991287
1338	0.0005306848144990573
1296	0.0005300975227649706
1283	0.000530097522764962
1289	0.0005300975227648746
1292	0.0005300975227647992
1310	0.0005300975227646784
1288	0.000530097522764653
1277	0.0005300975227646518
1313	0.0005300975227646137
1280	0.0005300975227646011
1303	0.0005300975227645931
1305	0.0005300975227645887
1300	0.0005300975227645853
1290	0.0005300975227645509
1299	0.0005300975227645434
1325	0.0005300975227645401
1318	0.0005300975227645374
1312	0.0005300975227645264
1316	0.0005300975227645255
1307	0.0005300975227645221
1321	0.0005300975227645211
1302	0.0005300975227645117
1320	0.0005300975227645082
1323	0.0005300975227644846
1286	0.0005300975227644832
1279	0.0005300975227644416
1287	0.0005300975227644052
1324	0.0005300975227643686
1282	0.0005300975227643669
1317	0.0005300975227643569
1306	0.0005300975227643498
1311	0.0005300975227643409
1294	0.0005300975227643391
1314	0.0005300975227643291
1278	0.0005300975227643283
1319	0.0005300975227643243
1309	0.0005300975227643187
1298	0.0005300975227643148
1315	0.0005300975227643087
1322	0.0005300975227642922
1297	0.0005300975227642459
1301	0.0005300975227642426
1295	0.0005300975227642399
1304	0.0005300975227641719
1284	0.0005300975227641537
1308	0.00053009752276415
1276	0.0005300975227641032
1285	0.0005300975227640708
1293	0.0005300975227640172
1291	0.0005300975227639998
1281	0.0005300975227639592
1228	0.0005294768508180272
1243	0.0005294768508179728
1231	0.0005294768508179428
1240	0.0005294768508179343
1230	0.0005294768508178734
1233	0.0005294768508178388
1235	0.0005294768508178258
1246	0.0005294768508177152
1252	0.0005294768508177081
1261	0.0005294768508176236
1265	0.0005294768508176213
1248	0.0005294768508176066
1244	0.000529476850817579
1267	0.0005294768508175746
1255	0.0005294768508175668
1247	0.0005294768508175527
1254	0.0005294768508175237
1258	0.0005294768508175231
1273	0.0005294768508175111
1263	0.0005294768508175057
1270	0.0005294768508175057
1227	0.0005294768508175051
1272	0.0005294768508174891
1249	0.0005294768508174844
1271	0.0005294768508174835
1239	0.0005294768508174814
1264	0.000529476850817477
1269	0.0005294768508174698
1274	0.0005294768508174492
1241	0.0005294768508174448
1257	0.0005294768508174433
1260	0.0005294768508174403
1268	0.0005294768508174336
1234	0.0005294768508174154
1256	0.000529476850817409
1250	0.0005294768508174079
1259	0.0005294768508174043
1253	0.0005294768508173589
1262	0.0005294768508173557
1236	0.000529476850817347
1226	0.000529476850817321
1266	0.0005294768508173178
1238	0.0005294768508173079
1251	0.0005294768508173019
1237	0.0005294768508172224
1245	0.0005294768508172197
1229	0.0005294768508169406
1242	0.0005294768508168603
1232	0.000529476850816784
1197	0.000528820590816958
1191	0.0005288205908168296
1203	0.0005288205908168082
1211	0.0005288205908168
1178	0.0005288205908167841
1207	0.0005288205908167728
1201	0.0005288205908167029
1198	0.0005288205908166689
1194	0.0005288205908166679
1185	0.0005288205908166583
1186	0.0005288205908166411
1189	0.0005288205908166266
1218	0.0005288205908166176
1220	0.0005288205908166152
1208	0.0005288205908166098
1180	0.0005288205908166021
1204	0.0005288205908165703
1188	0.0005288205908165666
1181	0.0005288205908165622
1212	0.0005288205908165512
1192	0.0005288205908165144
1199	0.0005288205908164879
1216	0.0005288205908164826
1221	0.0005288205908164698
1183	0.0005288205908164544
1215	0.00052882059081645
1223	0.0005288205908164367
1222	0.0005288205908163995
1205	0.0005288205908163899
1182	0.0005288205908163736
1214	0.0005288205908163606
1224	0.0005288205908163505
1217	0.0005288205908163482
1219	0.0005288205908163451
1209	0.0005288205908163088
1213	0.0005288205908162962
1210	0.0005288205908162858
1202	0.0005288205908162346
1184	0.0005288205908162199
1195	0.0005288205908162197
1206	0.0005288205908161457
1177	0.0005288205908160528
1187	0.0005288205908160516
1190	0.0005288205908160461
1193	0.0005288205908160413
1196	0.0005288205908160374
1179	0.000528820590815886
1200	0.000528820590815855
1142	0.0005281263544955292
1136	0.0005281263544950956
1133	0.0005281263544950891
1144	0.0005281263544950459
1137	0.000528126354494894
1131	0.0005281263544948766
1140	0.0005281263544948728
1149	0.0005281263544948499
1151	0.00052812635449484
1160	0.000528126354494797
1132	0.0005281263544947785
1168	0.0005281263544946759
1158	0.0005281263544946609
1164	0.0005281263544946335
1156	0.0005281263544946311
1172	0.000528126354494615
1171	0.0005281263544946124
1155	0.0005281263544946045
1157	0.0005281263544945746
1146	0.0005281263544945695
1173	0.0005281263544945679
1163	0.0005281263544945626
1166	0.0005281263544945602
1153	0.0005281263544945415
1154	0.000528126354494536
1175	0.0005281263544945103
1169	0.0005281263544945005
1162	0.0005281263544945
1170	0.0005281263544944868
1165	0.0005281263544944862
1167	0.0005281263544944218
1147	0.0005281263544944203
1174	0.0005281263544943558
1159	0.0005281263544943303
1138	0.0005281263544943181
1161	0.0005281263544943023
1145	0.0005281263544942338
1141	0.0005281263544942334
1148	0.0005281263544942075
1152	0.0005281263544941935
1135	0.0005281263544941783
1129	0.0005281263544941585
1130	0.0005281263544941347
1150	0.0005281263544940949
1139	0.0005281263544940633
1134	0.00052812635449371
1143	0.0005281263544935744
1089	0.0005273915551527708
1086	0.0005273915551523818
1097	0.0005273915551522333
1083	0.0005273915551521748
1100	0.0005273915551521261
1102	0.0005273915551521226
1105	0.0005273915551520503
1113	0.0005273915551520197
1093	0.0005273915551519277
1092	0.00052739155515184
1085	0.0005273915551518381
1121	0.0005273915551518155
1107	0.000527391555151801
1109	0.0005273915551517964
1106	0.0005273915551517707
1124	0.0005273915551517644
1096	0.0005273915551517451
1117	0.000527391555151736
1119	0.0005273915551517206
1112	0.0005273915551517164
1127	0.0005273915551516287
1123	0.0005273915551516229
1110	0.00052739155515161
1126	0.0005273915551516085
1084	0.000527391555151604
1114	0.0005273915551515921
1088	0.0005273915551515485
1125	0.0005273915551515364
1082	0.0005273915551515134
1115	0.0005273915551514937
1116	0.0005273915551514865
1122	0.0005273915551514734
1094	0.0005273915551514685
1120	0.0005273915551514365
1095	0.0005273915551514219
1103	0.0005273915551514207
1118	0.0005273915551514107
1111	0.0005273915551514026
1098	0.0005273915551514004
1099	0.0005273915551512008
1091	0.0005273915551511647
1108	0.0005273915551511333
1104	0.0005273915551510971
1101	0.0005273915551509572
1090	0.0005273915551508434
1087	0.0005273915551506834
1045	0.0005266133874909
1038	0.0005266133874908411
1058	0.0005266133874907267
1041	0.0005266133874906758
1062	0.0005266133874906644
1068	0.0005266133874904593
1046	0.000526613387490388
1054	0.0005266133874903721
1049	0.0005266133874903584
1076	0.0005266133874903339
1055	0.0005266133874902761
1079	0.00052661338749025
1052	0.0005266133874902374
1051	0.0005266133874902272
1067	0.0005266133874902262
1071	0.0005266133874902098
1075	0.0005266133874901812
1064	0.0005266133874901642
1066	0.0005266133874901479
1048	0.0005266133874901358
1060	0.0005266133874901064
1036	0.0005266133874901029
1074	0.0005266133874900994
1070	0.0005266133874900989
1078	0.0005266133874900952
1073	0.0005266133874900937
1043	0.0005266133874900867
1056	0.0005266133874900626
1065	0.0005266133874900562
1072	0.0005266133874900514
1042	0.0005266133874900101
1080	0.0005266133874900099
1053	0.0005266133874899929
1077	0.000526613387489958
1039	0.0005266133874899256
1059	0.0005266133874899143
1069	0.0005266133874899045
1044	0.0005266133874898893
1063	0.0005266133874898514
1040	0.0005266133874897633
1047	0.0005266133874897559
1050	0.0005266133874896878
1057	0.0005266133874896735
1061	0.0005266133874896228
1037	0.0005266133874894997
997	0.0005257888049956039
994	0.0005257888049954529
1014	0.0005257888049953153
999	0.0005257888049952233
1004	0.0005257888049951799
1016	0.0005257888049950969
1027	0.0005257888049949659
1011	0.0005257888049949632
1000	0.0005257888049949325
1022	0.0005257888049948465
1008	0.0005257888049947864
1009	0.000525788804994752
1019	0.0005257888049947501
1034	0.0005257888049946855
1030	0.0005257888049946184
1006	0.0005257888049946016
996	0.0005257888049945612
993	0.0005257888049945322
1033	0.0005257888049945257
1024	0.0005257888049945222
1029	0.0005257888049945048
1031	0.00052578880499449
1028	0.000525788804994486
1021	0.0005257888049944677
1023	0.0005257888049944537
1020	0.0005257888049944318
1012	0.0005257888049944315
992	0.0005257888049944274
1002	0.0005257888049944093
1007	0.0005257888049943752
1018	0.0005257888049943565
1001	0.0005257888049943501
1032	0.0005257888049943426
1025	0.0005257888049943377
1026	0.000525788804994284
991	0.0005257888049942722
1005	0.0005257888049941767
1017	0.0005257888049941403
1015	0.0005257888049940685
1013	0.0005257888049940447
1003	0.0005257888049940439
1010	0.000525788804993855
998	0.0005257888049935914
995	0.0005257888049926675
947	0.0005249144944981256
956	0.0005249144944975867
955	0.000524914494497326
962	0.0005249144944973188
950	0.0005249144944971751
967	0.0005249144944971477
964	0.0005249144944971288
951	0.0005249144944970112
952	0.0005249144944970035
970	0.0005249144944969858
979	0.0005249144944969676
959	0.0005249144944969515
968	0.0005249144944969438
978	0.0005249144944968458
977	0.0005249144944968123
980	0.0005249144944968097
989	0.0005249144944968079
982	0.0005249144944967897
985	0.0005249144944967774
975	0.0005249144944967772
986	0.0005249144944967511
971	0.0005249144944967386
983	0.0005249144944966815
961	0.0005249144944966083
973	0.0005249144944966064
972	0.0005249144944965748
988	0.0005249144944965578
987	0.0005249144944965467
984	0.0005249144944965462
965	0.0005249144944964651
976	0.0005249144944964218
974	0.0005249144944962647
960	0.000524914494496167
957	0.0005249144944961272
958	0.0005249144944960883
954	0.0005249144944960569
953	0.0005249144944960494
966	0.0005249144944960326
969	0.000524914494495955
981	0.000524914494495923
963	0.0005249144944959089
948	0.0005249144944958656
949	0.000524914494495641
924	0.0005239868475219007
905	0.0005239868475218702
926	0.0005239868475216637
909	0.000523986847521657
921	0.0005239868475215839
917	0.0005239868475215212
914	0.0005239868475214607
932	0.000523986847521423
910	0.0005239868475213625
936	0.000523986847521328
928	0.000523986847521261
940	0.0005239868475212424
935	0.0005239868475212261
930	0.0005239868475211427
912	0.0005239868475211419
916	0.000523986847521126
941	0.0005239868475211141
938	0.0005239868475211046
920	0.0005239868475210804
943	0.0005239868475210654
929	0.0005239868475210583
906	0.0005239868475210185
942	0.0005239868475209872
907	0.0005239868475209815
904	0.000523986847520973
915	0.0005239868475209398
944	0.0005239868475209333
945	0.0005239868475209063
919	0.0005239868475208488
934	0.0005239868475208458
925	0.0005239868475208234
922	0.0005239868475207991
933	0.0005239868475207944
923	0.0005239868475207352
939	0.0005239868475206798
937	0.00052398684752063
911	0.0005239868475206106
913	0.0005239868475205148
931	0.0005239868475204821
918	0.0005239868475204161
908	0.0005239868475203597
927	0.0005239868475202664
870	0.0005230019279222123
867	0.0005230019279218643
888	0.0005230019279216428
885	0.0005230019279216271
877	0.0005230019279216187
875	0.0005230019279215796
893	0.0005230019279213941
880	0.0005230019279213537
865	0.0005230019279213513
890	0.000523001927921234
873	0.0005230019279212118
899	0.0005230019279211678
868	0.0005230019279211484
896	0.000523001927921057
871	0.0005230019279210002
901	0.0005230019279209712
882	0.0005230019279209624
876	0.0005230019279209565
897	0.0005230019279209521
884	0.0005230019279209412
883	0.0005230019279209053
887	0.0005230019279208895
900	0.0005230019279208756
894	0.0005230019279208256
902	0.0005230019279207856
874	0.0005230019279207517
891	0.0005230019279207355
863	0.0005230019279207292
895	0.0005230019279206847
881	0.0005230019279206795
864	0.0005230019279206668
892	0.0005230019279205823
862	0.0005230019279205701
898	0.0005230019279205342
878	0.0005230019279204729
879	0.0005230019279203821
889	0.0005230019279202142
872	0.0005230019279201354
866	0.000523001927920092
886	0.000523001927919855
869	0.0005230019279193612
823	0.0005219554352491549
821	0.0005219554352485415
827	0.0005219554352474412
840	0.0005219554352473773
831	0.0005219554352473506
836	0.0005219554352473024
826	0.0005219554352472694
844	0.0005219554352472204
843	0.000521955435247101
856	0.0005219554352470749
846	0.0005219554352470339
849	0.0005219554352470251
829	0.0005219554352470217
858	0.0005219554352469872
839	0.0005219554352469204
834	0.0005219554352469153
860	0.0005219554352468785
850	0.0005219554352468507
847	0.0005219554352468384
851	0.0005219554352468075
835	0.0005219554352467831
854	0.0005219554352467277
853	0.0005219554352466981
842	0.0005219554352465728
859	0.0005219554352465691
852	0.0005219554352465237
838	0.00052195543524635
833	0.0005219554352462751
855	0.0005219554352461903
857	0.000521955435246153
848	0.000521955435246145
828	0.0005219554352461052
825	0.0005219554352460479
830	0.000521955435245995
832	0.0005219554352458307
841	0.000521955435245829
837	0.0005219554352456892
845	0.0005219554352452666
824	0.0005219554352452209
822	0.0005219554352447411
784	0.0005208426631738442
781	0.0005208426631733078
789	0.0005208426631730553
791	0.0005208426631728556
801	0.0005208426631727397
813	0.0005208426631725243
816	0.0005208426631722472
794	0.0005208426631722219
806	0.0005208426631721684
818	0.000520842663172157
808	0.0005208426631720829
802	0.0005208426631720785
799	0.000520842663172075
786	0.0005208426631720708
810	0.0005208426631720583
796	0.0005208426631720084
788	0.0005208426631719792
815	0.0005208426631719768
805	0.00052084266317197
811	0.0005208426631719682
783	0.0005208426631719423
798	0.0005208426631719371
803	0.000520842663171918
787	0.0005208426631718779
809	0.0005208426631718575
797	0.0005208426631718139
814	0.0005208426631717055
819	0.0005208426631717042
792	0.0005208426631716242
817	0.0005208426631716111
800	0.0005208426631716018
793	0.0005208426631714268
795	0.0005208426631714087
807	0.0005208426631713924
804	0.0005208426631713173
812	0.0005208426631711632
790	0.0005208426631710152
782	0.0005208426631708162
785	0.0005208426631701677
743	0.000519658452198298
742	0.0005196584521977866
762	0.0005196584521977762
768	0.0005196584521976989
774	0.0005196584521976199
755	0.0005196584521975939
761	0.000519658452197566
746	0.0005196584521975192
778	0.0005196584521974293
748	0.0005196584521974214
765	0.0005196584521973866
757	0.0005196584521972771
753	0.0005196584521972563
752	0.000519658452197246
773	0.0005196584521972387
751	0.0005196584521971847
770	0.0005196584521971357
763	0.0005196584521970964
772	0.0005196584521970764
777	0.0005196584521970369
747	0.0005196584521970307
775	0.0005196584521970127
749	0.0005196584521970062
779	0.0005196584521969916
754	0.0005196584521969565
769	0.0005196584521968017
766	0.0005196584521967853
767	0.0005196584521967807
771	0.000519658452196739
764	0.0005196584521967229
758	0.0005196584521967076
776	0.0005196584521966262
759	0.000519658452196549
756	0.0005196584521965458
760	0.000519658452196483
744	0.000519658452196464
745	0.0005196584521962768
750	0.0005196584521961394
708	0.000518397135692453
713	0.0005183971356922729
718	0.0005183971356922555
724	0.0005183971356919458
704	0.0005183971356918639
721	0.000518397135691675
729	0.0005183971356916199
732	0.0005183971356914203
716	0.0005183971356914089
738	0.0005183971356913608
709	0.0005183971356913335
734	0.0005183971356911982
725	0.0005183971356911909
705	0.0005183971356911798
711	0.0005183971356911114
733	0.0005183971356910966
719	0.0005183971356910529
727	0.0005183971356910506
728	0.0005183971356910033
735	0.0005183971356909968
731	0.0005183971356909895
736	0.0005183971356909696
737	0.0005183971356909462
715	0.0005183971356909171
739	0.000518397135690871
740	0.0005183971356908593
720	0.0005183971356907833
722	0.0005183971356907212
710	0.0005183971356906806
723	0.0005183971356906664
706	0.0005183971356906244
726	0.0005183971356905719
730	0.0005183971356904013
712	0.0005183971356903938
714	0.0005183971356903536
707	0.0005183971356900092
717	0.0005183971356897679
667	0.0005170524781628133
670	0.0005170524781627659
677	0.0005170524781623986
674	0.0005170524781623415
678	0.0005170524781623114
673	0.0005170524781622306
689	0.0005170524781621921
698	0.0005170524781620795
686	0.0005170524781620162
669	0.0005170524781619132
700	0.0005170524781618901
682	0.0005170524781617976
691	0.0005170524781616028
694	0.0005170524781616017
687	0.0005170524781615661
680	0.0005170524781615137
702	0.0005170524781614736
679	0.000517052478161431
671	0.0005170524781614267
684	0.0005170524781613904
681	0.0005170524781613503
693	0.0005170524781613302
696	0.0005170524781613036
690	0.0005170524781612863
697	0.0005170524781612061
701	0.000517052478161202
695	0.0005170524781611572
683	0.000517052478161126
692	0.0005170524781610993
685	0.0005170524781609465
688	0.0005170524781608706
699	0.0005170524781607089
672	0.0005170524781605969
676	0.0005170524781605679
675	0.0005170524781602214
668	0.0005170524781597907
644	0.0005156176044276208
633	0.0005156176044268575
637	0.0005156176044267558
651	0.000515617604426654
641	0.0005156176044265777
635	0.000515617604426566
656	0.0005156176044265623
653	0.0005156176044264982
661	0.000515617604426374
650	0.0005156176044263568
639	0.0005156176044262072
659	0.0005156176044262045
646	0.0005156176044261474
647	0.0005156176044260682
631	0.0005156176044260643
645	0.0005156176044259961
664	0.0005156176044259831
662	0.0005156176044259235
663	0.0005156176044259106
657	0.0005156176044259018
665	0.0005156176044258318
654	0.0005156176044257976
649	0.0005156176044257597
642	0.0005156176044257448
658	0.0005156176044257416
638	0.000515617604425702
636	0.0005156176044256874
655	0.0005156176044256424
632	0.0005156176044255824
660	0.0005156176044255479
640	0.00051561760442548
652	0.0005156176044252229
634	0.0005156176044252167
648	0.0005156176044251995
643	0.0005156176044247223
598	0.0005140849180939098
601	0.0005140849180931893
622	0.0005140849180930427
606	0.0005140849180930326
611	0.0005140849180930081
615	0.000514084918092958
618	0.0005140849180927627
627	0.0005140849180927532
604	0.0005140849180925945
623	0.0005140849180925804
599	0.0005140849180925179
608	0.0005140849180925039
629	0.0005140849180924846
600	0.0005140849180924592
614	0.0005140849180924446
626	0.0005140849180923423
624	0.0005140849180923243
620	0.0005140849180923217
619	0.0005140849180922194
625	0.0005140849180921931
605	0.0005140849180921736
610	0.0005140849180921385
613	0.0005140849180920865
616	0.0005140849180920788
628	0.0005140849180920114
609	0.0005140849180919984
602	0.0005140849180919917
612	0.0005140849180919377
617	0.0005140849180919104
607	0.0005140849180916443
603	0.0005140849180916231
621	0.0005140849180915475
597	0.0005140849180914711
596	0.0005140849180914304
569	0.0005124460074289063
572	0.0005124460074288138
577	0.0005124460074272737
565	0.0005124460074272707
562	0.0005124460074272058
584	0.0005124460074271181
567	0.0005124460074271156
586	0.0005124460074270294
581	0.0005124460074269958
578	0.0005124460074269749
590	0.0005124460074268596
575	0.0005124460074268508
591	0.0005124460074267782
563	0.0005124460074267408
592	0.0005124460074266773
587	0.0005124460074266613
593	0.0005124460074266116
583	0.0005124460074265793
574	0.0005124460074264763
594	0.0005124460074264605
566	0.0005124460074264244
582	0.0005124460074263142
589	0.0005124460074262756
588	0.0005124460074262143
579	0.0005124460074261787
585	0.0005124460074259707
580	0.0005124460074259092
570	0.0005124460074256488
576	0.0005124460074255158
571	0.000512446007425249
573	0.0005124460074251889
564	0.0005124460074250553
568	0.0005124460074249282
529	0.0005106915362921594
531	0.0005106915362917226
545	0.0005106915362903366
543	0.0005106915362901085
536	0.0005106915362900134
547	0.0005106915362897106
540	0.0005106915362896878
549	0.0005106915362895363
551	0.0005106915362893977
559	0.0005106915362892321
553	0.0005106915362892207
533	0.0005106915362892115
534	0.0005106915362891877
557	0.000510691536289106
556	0.0005106915362890068
541	0.0005106915362890037
560	0.0005106915362889321
550	0.0005106915362888965
537	0.000510691536288808
554	0.00051069153628874
555	0.0005106915362885785
558	0.0005106915362885582
552	0.0005106915362883577
548	0.0005106915362883337
538	0.0005106915362882917
535	0.0005106915362881214
542	0.0005106915362879975
539	0.0005106915362878339
532	0.0005106915362874216
544	0.0005106915362873173
546	0.0005106915362871769
530	0.0005106915362860069
497	0.0005088111173192656
508	0.0005088111173189687
502	0.0005088111173185905
504	0.0005088111173182434
501	0.0005088111173182144
506	0.000508811117317684
525	0.0005088111173176271
520	0.0005088111173175034
515	0.0005088111173174965
518	0.0005088111173173966
511	0.000508811117317218
524	0.0005088111173172012
513	0.0005088111173171639
519	0.000508811117317055
512	0.0005088111173170445
517	0.0005088111173169761
514	0.0005088111173168698
510	0.0005088111173168273
521	0.0005088111173167913
523	0.0005088111173167205
526	0.0005088111173166704
527	0.0005088111173165529
522	0.0005088111173164266
500	0.000508811117316385
509	0.0005088111173163401
498	0.0005088111173162351
516	0.0005088111173162071
499	0.0005088111173161453
507	0.000508811117315891
503	0.0005088111173153032
505	0.0005088111173151935
466	0.0005067931639141997
469	0.0005067931639136449
472	0.0005067931639133641
467	0.0005067931639132573
492	0.0005067931639132227
487	0.0005067931639131929
470	0.0005067931639131468
474	0.0005067931639131299
476	0.0005067931639131299
490	0.0005067931639131271
481	0.0005067931639130891
485	0.000506793163912778
483	0.0005067931639127691
479	0.0005067931639127284
493	0.0005067931639126599
477	0.0005067931639125965
495	0.0005067931639125849
486	0.0005067931639125829
473	0.000506793163912506
484	0.0005067931639124888
494	0.0005067931639124872
489	0.0005067931639124829
475	0.0005067931639124372
488	0.000506793163912405
482	0.0005067931639124038
480	0.0005067931639123689
478	0.000506793163912292
491	0.0005067931639122324
471	0.0005067931639114674
468	0.0005067931639110146
440	0.0005046247168033498
438	0.0005046247168030962
453	0.0005046247168030367
444	0.0005046247168023512
450	0.0005046247168020385
460	0.0005046247168020355
455	0.0005046247168019361
462	0.0005046247168016895
446	0.0005046247168015974
458	0.0005046247168015383
459	0.0005046247168015264
447	0.0005046247168015146
441	0.0005046247168015067
451	0.0005046247168014955
436	0.0005046247168013928
463	0.0005046247168013886
464	0.000504624716801298
448	0.0005046247168012139
445	0.000504624716801209
449	0.0005046247168011958
457	0.0005046247168011105
456	0.0005046247168010902
454	0.0005046247168009847
442	0.0005046247168009376
461	0.0005046247168009353
443	0.0005046247168007148
452	0.0005046247168004069
439	0.000504624716800358
437	0.0005046247167993267
409	0.0005022912399444197
428	0.0005022912399440191
415	0.0005022912399439647
424	0.0005022912399439164
416	0.0005022912399439094
412	0.0005022912399438166
407	0.0005022912399437876
419	0.0005022912399436591
422	0.0005022912399433904
430	0.0005022912399433705
433	0.0005022912399432488
434	0.0005022912399431518
431	0.0005022912399431226
427	0.0005022912399430105
420	0.0005022912399428366
421	0.000502291239942809
432	0.0005022912399427962
413	0.000502291239942626
418	0.0005022912399426216
411	0.0005022912399424701
425	0.0005022912399424587
426	0.0005022912399424375
423	0.0005022912399424266
410	0.0005022912399423633
417	0.000502291239942196
414	0.0005022912399419374
429	0.0005022912399418514
408	0.0005022912399416088
391	0.0004997763793211195
379	0.0004997763793205507
383	0.000499776379320528
389	0.0004997763793202598
381	0.0004997763793200959
403	0.0004997763793196058
397	0.000499776379319585
400	0.0004997763793195291
385	0.0004997763793194213
386	0.0004997763793193573
394	0.0004997763793193372
396	0.0004997763793192334
405	0.0004997763793191731
401	0.0004997763793191626
399	0.0004997763793190405
402	0.0004997763793189834
387	0.0004997763793189526
395	0.0004997763793188711
392	0.0004997763793187004
393	0.0004997763793186477
404	0.0004997763793184827
398	0.0004997763793184575
382	0.0004997763793181634
388	0.0004997763793179731
380	0.000499776379317761
390	0.0004997763793177489
384	0.0004997763793174319
358	0.000497061676513779
355	0.0004970616765127393
369	0.0004970616765121637
360	0.0004970616765121026
375	0.0004970616765119352
364	0.0004970616765119051
365	0.0004970616765118113
371	0.0004970616765118019
377	0.0004970616765117235
361	0.0004970616765116757
362	0.0004970616765116058
374	0.0004970616765115868
368	0.0004970616765115606
372	0.0004970616765115606
366	0.0004970616765114614
367	0.0004970616765114385
363	0.0004970616765113997
373	0.0004970616765113782
376	0.0004970616765113372
353	0.0004970616765112307
356	0.0004970616765111661
354	0.0004970616765110928
370	0.0004970616765108789
357	0.0004970616765108041
352	0.000497061676510516
359	0.0004970616765100348
337	0.0004941262269009267
340	0.000494126226900536
329	0.0004941262269004305
327	0.0004941262269004215
346	0.0004941262269001761
334	0.0004941262269001684
326	0.000494126226900135
338	0.0004941262269000605
333	0.0004941262269000292
342	0.0004941262269000062
332	0.0004941262268999871
343	0.0004941262268999277
349	0.000494126226899772
348	0.0004941262268997539
350	0.0004941262268997478
347	0.0004941262268997138
330	0.0004941262268996856
344	0.0004941262268994835
345	0.0004941262268993507
339	0.0004941262268991804
341	0.0004941262268990475
336	0.0004941262268988516
331	0.000494126226898691
335	0.0004941262268986582
328	0.0004941262268979501
302	0.0004909462696306823
313	0.0004909462696303772
306	0.0004909462696301415
304	0.0004909462696300267
310	0.0004909462696300236
311	0.0004909462696297888
322	0.0004909462696297617
319	0.000490946269629742
316	0.000490946269629521
318	0.0004909462696294965
324	0.0004909462696294333
320	0.0004909462696294267
315	0.0004909462696293568
317	0.000490946269629324
309	0.0004909462696292804
323	0.000490946269629094
321	0.0004909462696290618
308	0.0004909462696290386
312	0.000490946269628846
305	0.000490946269628776
307	0.0004909462696286814
314	0.0004909462696285093
303	0.0004909462696280331
301	0.0004909462696276565
280	0.0004874946929767145
291	0.00048749469297612184
296	0.00048749469297578184
287	0.00048749469297564664
282	0.000487494692975515
284	0.0004874946929753867
288	0.0004874946929751201
294	0.0004874946929750176
292	0.0004874946929749598
299	0.0004874946929747876
298	0.00048749469297467536
290	0.00048749469297459583
286	0.0004874946929744603
297	0.0004874946929743937
283	0.0004874946929742884
289	0.0004874946929741489
295	0.00048749469297391083
278	0.0004874946929738921
279	0.0004874946929738195
277	0.0004874946929737739
285	0.00048749469297364097
281	0.0004874946929735518
293	0.0004874946929734334
258	0.00048374043406484085
255	0.0004837404340647183
262	0.00048374043406376006
260	0.00048374043406351416
273	0.0004837404340634903
268	0.0004837404340634689
267	0.00048374043406342596
275	0.0004837404340634054
272	0.0004837404340634012
270	0.0004837404340632806
265	0.0004837404340632541
263	0.0004837404340632293
257	0.0004837404340631525
271	0.0004837404340628946
261	0.00048374043406283843
264	0.00048374043406265694
274	0.0004837404340625684
266	0.00048374043406236827
269	0.0004837404340622911
259	0.0004837404340619916
254	0.00048374043406133763
256	0.00048374043406124
235	0.00047964774576573973
239	0.000479647745765307
240	0.0004796477457652207
232	0.0004796477457651716
248	0.0004796477457648286
243	0.00047964774576479897
245	0.00047964774576473684
249	0.0004796477457646705
242	0.00047964774576455713
252	0.000479647745764447
237	0.0004796477457642298
246	0.00047964774576422477
251	0.0004796477457642069
236	0.00047964774576405303
233	0.0004796477457635418
247	0.00047964774576350773
250	0.0004796477457633924
244	0.0004796477457633144
238	0.0004796477457630954
241	0.0004796477457629534
234	0.0004796477457621152
216	0.00047517529523192326
222	0.0004751752952308399
221	0.000475175295230799
226	0.00047517529523054676
212	0.0004751752952305079
225	0.00047517529523038055
220	0.00047517529523026633
218	0.0004751752952301739
219	0.0004751752952301738
227	0.00047517529523008673
228	0.00047517529523005166
230	0.00047517529523003306
229	0.0004751752952300121
213	0.0004751752952298483
224	0.00047517529522942824
223	0.0004751752952294257
214	0.0004751752952293914
217	0.000475175295229358
215	0.0004751752952293135
211	0.0004751752952278357
191	0.00047027504730856677
195	0.0004702750473082244
202	0.0004702750473081127
209	0.0004702750473078295
206	0.0004702750473076347
194	0.0004702750473074652
200	0.0004702750473073625
193	0.0004702750473073439
205	0.00047027504730720013
208	0.0004702750473070406
199	0.00047027504730703603
207	0.00047027504730695976
198	0.0004702750473069298
203	0.00047027504730684326
204	0.0004702750473068012
196	0.00047027504730673853
197	0.00047027504730653036
201	0.00047027504730637885
192	0.0004702750473059809
173	0.0004648908705943119
182	0.0004648908705934078
188	0.00046489087059278604
176	0.0004648908705925995
179	0.000464890870592573
185	0.00046489087059251017
186	0.00046489087059242365
177	0.0004648908705923805
184	0.0004648908705923519
187	0.00046489087059233886
180	0.0004648908705923129
189	0.00046489087059222865
175	0.0004648908705922095
181	0.0004648908705921714
178	0.00046489087059215867
183	0.0004648908705920607
174	0.0004648908705918308
172	0.00046489087059147915
157	0.0004589567824553921
166	0.0004589567824546638
160	0.00045895678245463077
155	0.0004589567824545341
162	0.00045895678245445637
154	0.0004589567824543219
170	0.00045895678245402215
163	0.0004589567824540178
168	0.00045895678245391107
158	0.00045895678245382943
169	0.00045895678245376167
164	0.0004589567824534495
167	0.00045895678245323524
161	0.000458956782452877
165	0.00045895678245275304
159	0.0004589567824523912
156	0.0004589567824518201
137	0.00045239471921539384
147	0.00045239471921419396
151	0.0004523947192139339
144	0.0004523947192139067
142	0.0004523947192138741
140	0.00045239471921384094
152	0.0004523947192135806
148	0.0004523947192135149
145	0.00045239471921346293
146	0.00045239471921325385
149	0.0004523947192132128
141	0.0004523947192131986
139	0.0004523947192131861
150	0.0004523947192131365
138	0.0004523947192130699
143	0.0004523947192128689
129	0.0004451116747889211
127	0.0004451116747888365
123	0.00044511167478858887
131	0.0004451116747883573
122	0.0004451116747883132
134	0.00044511167478799186
124	0.000445111674787925
133	0.00044511167478791965
132	0.0004451116747878593
135	0.00044511167478769955
126	0.0004451116747875065
125	0.00044511167478735895
128	0.0004451116747873397
130	0.00044511167478712623
121	0.0004451116747870201
107	0.000436995989077281
113	0.00043699598907707217
116	0.0004369959890760294
110	0.00043699598907594606
119	0.00043699598907586735
109	0.0004369959890758644
115	0.0004369959890758575
117	0.0004369959890758255
108	0.0004369959890757059
118	0.00043699598907556345
111	0.00043699598907548045
114	0.00043699598907543
112	0.0004369959890752651
106	0.00043699598907365997
92	0.0004279124763733577
95	0.00042791247637236757
97	0.0004279124763720408
99	0.00042791247637183024
93	0.00042791247637178053
102	0.0004279124763717755
104	0.0004279124763717533
103	0.00042791247637173895
100	0.00042791247637159995
101	0.0004279124763712744
96	0.00042791247637115245
98	0.0004279124763711381
94	0.000427912476370652
85	0.0004176959481111273
83	0.00041769594811109267
81	0.0004176959481110412
88	0.0004176959481109485
87	0.0004176959481108381
79	0.00041769594811067633
80	0.00041769594811067156
89	0.00041769594811037064
84	0.0004176959481103152
90	0.00041769594811024373
82	0.00041769594811014263
86	0.0004176959481098882
68	0.0004061424772379934
70	0.00040614247723798385
74	0.00040614247723786215
72	0.00040614247723766363
73	0.0004061424772374091
76	0.0004061424772373031
67	0.00040614247723727364
77	0.0004061424772372367
75	0.0004061424772370396
71	0.0004061424772368935
69	0.0004061424772367741
57	0.0003929974296515742
61	0.0003929974296511867
63	0.00039299742965104707
62	0.0003929974296509298
58	0.0003929974296508586
59	0.00039299742965082893
65	0.00039299742965081885
60	0.00039299742965051657
64	0.0003929974296504983
56	0.00039299742965047944
51	0.0003779387761031296
53	0.00037793877610285204
47	0.0003779387761027508
46	0.0003779387761026586
52	0.00037793877610231623
48	0.000377938776102314
50	0.00037793877610224754
54	0.0003779387761021809
49	0.0003779387761020697
39	0.00036055336186576386
37	0.0003605533618655249
43	0.0003605533618654579
40	0.00036055336186506206
44	0.0003605533618650342
41	0.00036055336186488376
42	0.00036055336186468123
38	0.0003605533618645513
30	0.00034030240650572297
33	0.00034030240650566746
31	0.0003403024065056348
32	0.00034030240650549973
34	0.000340302406505354
35	0.00034030240650533586
29	0.00034030240650520977
22	0.0003164700668421533
25	0.0003164700668413311
26	0.00031647006684130784
27	0.0003164700668412328
23	0.00031647006684109436
24	0.00031647006684103874
17	0.00028808450129169254
19	0.0002880845012914757
20	0.00028808450129097604
16	0.0002880845012906916
18	0.00028808450129061235
11	0.00025379261094296654
14	0.0002537926109428809
13	0.0002537926109427779
12	0.0002537926109426511
7	0.00021165330918956836
9	0.00021165330918933726
8	0.0002116533091892614
5	0.0001587799886776425
4	0.00015877998867758615
2	9.068609539979847e-05
