1	1.2814828365126374e-10
2	6.6921769775046824e-12
3	1.3588615822845984e-10
4	1.4156873590076557e-11
5	1.415689635832218e-11
6	1.4470402740635047e-10
7	2.268872459701421e-11
8	2.2688787047059344e-11
9	2.268898740762082e-11
10	1.5510910611471473e-10
11	3.277769071788339e-11
12	3.27777605405033e-11
13	3.277759574177308e-11
14	3.2777610486922626e-11
15	1.683598260804331e-10
16	4.5613595799770534e-11
17	4.561423114224361e-11
18	4.561407545081164e-11
19	4.5613706822073e-11
20	4.561398958199958e-11
21	1.8777872486108738e-10
22	6.436878070489871e-11
23	6.436959992806024e-11
24	6.436871261700228e-11
25	6.436939002651965e-11
26	6.436905132176096e-11
27	6.43692703305998e-11
28	2.179895101234175e-10
29	9.361458830348113e-11
30	9.361466202922886e-11
31	9.361564518375887e-11
32	9.361463253892977e-11
33	9.361518765044208e-11
34	9.361507619445875e-11
35	9.361492006934591e-11
36	2.60696089715573e-10
37	1.3527415819447608e-10
38	1.3527461139098418e-10
39	1.3527454980830078e-10
40	1.352744587353183e-10
41	1.3527459361006855e-10
42	1.3527437850435753e-10
43	1.3527431562063152e-10
44	1.3527450383812867e-10
45	3.116704758859834e-10
46	1.854820598327922e-10
47	1.8548169163773442e-10
48	1.854823577715492e-10
49	1.854816109730928e-10
50	1.8548178487912126e-10
51	1.8548208888941042e-10
52	1.8548222029471373e-10
53	1.8548171115337353e-10
54	1.854820724095374e-10
55	3.6169378950234865e-10
56	2.352892837162446e-10
57	2.352894316014209e-10
58	2.352892529249029e-10
59	2.3528910113659873e-10
60	2.352894077489731e-10
61	2.352889606239972e-10
62	2.3528948407680605e-10
63	2.352889970531902e-10
64	2.35289325349608e-10
65	2.3528921259258206e-10
66	3.9973925732017523e-10
67	2.737347327974593e-10
68	2.7373569036481804e-10
69	2.7373472759328887e-10
70	2.737347076439689e-10
71	2.7373488285103997e-10
72	2.737348785142313e-10
73	2.7373508060951623e-10
74	2.7373514913109354e-10
75	2.7373487504478433e-10
76	2.737350138226624e-10
77	2.737349088718921e-10
78	4.159622420812914e-10
79	2.908571092308243e-10
80	2.908569487689028e-10
81	2.9085738244977177e-10
82	2.908563468198566e-10
83	2.9085726101912845e-10
84	2.90856607028378e-10
85	2.908571890281042e-10
86	2.908569470341793e-10
87	2.9085660616101627e-10
88	2.9085706412801393e-10
89	2.908568490223029e-10
90	2.908569062681776e-10
91	4.034148969739304e-10
92	2.794897629304627e-10
93	2.7948919394116256e-10
94	2.7948925812593117e-10
95	2.7948957471296554e-10
96	2.794892702689955e-10
97	2.7948951833445257e-10
98	2.794894688948335e-10
99	2.7948951573236736e-10
100	2.7948930322874155e-10
101	2.794893752197658e-10
102	2.7948961114215853e-10
103	2.7948943073091703e-10
104	2.7948944460870484e-10
105	3.585108321324526e-10
106	2.3580791399385737e-10
107	2.3580809180301365e-10
108	2.358086382409086e-10
109	2.358081455794414e-10
110	2.3580821323365697e-10
111	2.358082141010187e-10
112	2.3580809180301365e-10
113	2.3580829042885165e-10
114	2.358083095108099e-10
115	2.3580823751978564e-10
116	2.3580828175523427e-10
117	2.35808140375271e-10
118	2.3580835201153505e-10
119	2.3580803455713895e-10
120	2.806812195860209e-10
121	1.590380604987729e-10
122	1.5903819147039533e-10
123	1.5903831029895343e-10
124	1.590381177446476e-10
125	1.5903814896967017e-10
126	1.5903831983993255e-10
127	1.5903827126767522e-10
128	1.5903804835570856e-10
129	1.590382955538039e-10
130	1.5903828861490998e-10
131	1.590382088176301e-10
132	1.5903813248979715e-10
133	1.5903816891899014e-10
134	1.5903826259405784e-10
135	1.5903816978635188e-10
136	1.7167498325698638e-10
137	5.077872410746975e-11
138	5.077839451000932e-11
139	5.0778348539837204e-11
140	5.077821756821477e-11
141	5.077874145470451e-11
142	5.077850900175873e-11
143	5.077826874255731e-11
144	5.0778607013635124e-11
145	5.0778317314814636e-11
146	5.0778435276011e-11
147	5.077840144890322e-11
148	5.0778365887071963e-11
149	5.077843267392579e-11
150	5.077840925515886e-11
151	5.0778399714179745e-11
152	5.0778369356518915e-11
153	3.478900154063602e-11
154	8.576472344812291e-11
155	8.57642984408713e-11
156	8.576445716806935e-11
157	8.576450574032668e-11
158	8.576437650342772e-11
159	8.576459160913874e-11
160	8.576427415474264e-11
161	8.57644901278154e-11
162	8.576461155845871e-11
163	8.576431492074432e-11
164	8.576445716806935e-11
165	8.576442334096157e-11
166	8.57644788521128e-11
167	8.576439558538596e-11
168	8.576444589236676e-11
169	8.576444502500502e-11
170	8.576441553470593e-11
171	1.2580651451155056e-10
172	2.464579547389878e-10
173	2.464578836153253e-10
174	2.46457868002814e-10
175	2.4645800678069207e-10
176	2.4645782550208883e-10
177	2.464579712188608e-10
178	2.4645781249166276e-10
179	2.4645785325766445e-10
180	2.4645791310562437e-10
181	2.4645796254524344e-10
182	2.464578081548541e-10
183	2.4645784631877055e-10
184	2.464578914215809e-10
185	2.4645792438132696e-10
186	2.464578549923879e-10
187	2.464578662680905e-10
188	2.4645790529936873e-10
189	2.464578888194957e-10
190	3.055964214321305e-10
191	4.2678379233440644e-10
192	4.267836891183596e-10
193	4.267838461108342e-10
194	4.2678391376504976e-10
195	4.267837186086587e-10
196	4.267837186086587e-10
197	4.267838617233455e-10
198	4.2678388427475067e-10
199	4.2678373422117e-10
200	4.267837186086587e-10
201	4.267838686622394e-10
202	4.267838391719403e-10
203	4.2678373422117e-10
204	4.2678377932398037e-10
205	4.267838114163647e-10
206	4.267837888649595e-10
207	4.267837663135543e-10
208	4.267837680482778e-10
209	4.2678478806568165e-10
210	5.000925194786898e-10
211	6.222226839672218e-10
212	6.222226839672218e-10
213	6.222226839672218e-10
214	6.222226839672218e-10
215	6.222226839672218e-10
216	6.222226839672218e-10
217	6.222226839672218e-10
218	6.222226839672218e-10
219	6.222226839672218e-10
220	6.222226839672218e-10
221	6.222226839672218e-10
222	6.222226839672218e-10
223	6.222226839672218e-10
224	6.222226839672218e-10
225	6.222226839672218e-10
226	6.222226839672218e-10
227	6.222226839672218e-10
228	6.222226839672218e-10
229	6.222226839672218e-10
230	6.222226839672218e-10
