210	0.009020308112994034
190	0.008992580510462398
171	0.008961255087016305
153	0.00892575467297789
136	0.008885386615815338
120	0.008839314525150192
105	0.008786521725415993
91	0.00872576354259248
78	0.008655504390328965
66	0.008573833918083475
55	0.008478353950416165
45	0.008366024117385953
36	0.008232948189805583
28	0.008074073917980772
21	0.007882764456879085
15	0.007650175449112245
10	0.007364331728816354
6	0.007008728890343401
3	0.006560163938734971
1	0.005985279605653657
211	0.004409196171626046
212	0.004409196171626046
213	0.004409196171626046
214	0.004409196171626046
215	0.004409196171626046
216	0.004409196171626046
217	0.004409196171626046
218	0.004409196171626046
219	0.004409196171626046
220	0.004409196171626046
221	0.004409196171626046
222	0.004409196171626046
223	0.004409196171626046
224	0.004409196171626046
225	0.004409196171626046
226	0.004409196171626046
227	0.004409196171626046
228	0.004409196171626046
229	0.004409196171626046
230	0.004409196171626046
191	0.004381932328527579
192	0.004381932328527579
193	0.004381932328527579
194	0.004381932328527579
195	0.004381932328527579
196	0.004381932328527579
197	0.004381932328527579
198	0.004381932328527579
199	0.004381932328527579
200	0.004381932328527579
201	0.004381932328527579
202	0.004381932328527579
203	0.004381932328527579
204	0.004381932328527579
205	0.004381932328527579
206	0.004381932328527579
207	0.004381932328527579
208	0.004381932328527579
209	0.004381932328527579
172	0.004350628081240203
173	0.004350628081240203
174	0.004350628081240203
175	0.004350628081240203
176	0.004350628081240203
177	0.004350628081240203
178	0.004350628081240203
179	0.004350628081240203
180	0.004350628081240203
181	0.004350628081240203
182	0.004350628081240203
183	0.004350628081240203
184	0.004350628081240203
185	0.004350628081240203
186	0.004350628081240203
187	0.004350628081240203
188	0.004350628081240203
189	0.004350628081240203
154	0.0043146044020168995
155	0.0043146044020168995
156	0.0043146044020168995
157	0.0043146044020168995
158	0.0043146044020168995
159	0.0043146044020168995
160	0.0043146044020168995
161	0.0043146044020168995
162	0.0043146044020168995
163	0.0043146044020168995
164	0.0043146044020168995
165	0.0043146044020168995
166	0.0043146044020168995
167	0.0043146044020168995
168	0.0043146044020168995
169	0.0043146044020168995
170	0.0043146044020168995
137	0.004273043100841228
138	0.004273043100841228
139	0.004273043100841228
140	0.004273043100841228
141	0.004273043100841228
142	0.004273043100841228
143	0.004273043100841228
144	0.004273043100841228
145	0.004273043100841228
146	0.004273043100841228
147	0.004273043100841228
148	0.004273043100841228
149	0.004273043100841228
150	0.004273043100841228
151	0.004273043100841228
152	0.004273043100841228
121	0.004224952267853683
122	0.004224952267853683
123	0.004224952267853683
124	0.004224952267853683
125	0.004224952267853683
126	0.004224952267853683
127	0.004224952267853683
128	0.004224952267853683
129	0.004224952267853683
130	0.004224952267853683
131	0.004224952267853683
132	0.004224952267853683
133	0.004224952267853683
134	0.004224952267853683
135	0.004224952267853683
106	0.00416912146942144
107	0.00416912146942144
108	0.00416912146942144
109	0.00416912146942144
110	0.00416912146942144
111	0.00416912146942144
112	0.00416912146942144
113	0.00416912146942144
114	0.00416912146942144
115	0.00416912146942144
116	0.00416912146942144
117	0.00416912146942144
118	0.00416912146942144
119	0.00416912146942144
92	0.00410406312004762
93	0.00410406312004762
94	0.00410406312004762
95	0.00410406312004762
96	0.00410406312004762
97	0.00410406312004762
98	0.00410406312004762
99	0.00410406312004762
100	0.00410406312004762
101	0.00410406312004762
102	0.00410406312004762
103	0.00410406312004762
104	0.00410406312004762
79	0.004027934997986591
80	0.004027934997986591
81	0.004027934997986591
82	0.004027934997986591
83	0.004027934997986591
84	0.004027934997986591
85	0.004027934997986591
86	0.004027934997986591
87	0.004027934997986591
88	0.004027934997986591
89	0.004027934997986591
90	0.004027934997986591
67	0.003938436736413125
68	0.003938436736413125
69	0.003938436736413125
70	0.003938436736413125
71	0.003938436736413125
72	0.003938436736413125
73	0.003938436736413125
74	0.003938436736413125
75	0.003938436736413125
76	0.003938436736413125
77	0.003938436736413125
56	0.0038326699386898267
57	0.0038326699386898267
58	0.0038326699386898267
59	0.0038326699386898267
60	0.0038326699386898267
61	0.0038326699386898267
62	0.0038326699386898267
63	0.0038326699386898267
64	0.0038326699386898267
65	0.0038326699386898267
46	0.00370694674718113
47	0.00370694674718113
48	0.00370694674718113
49	0.00370694674718113
50	0.00370694674718113
51	0.00370694674718113
52	0.00370694674718113
53	0.00370694674718113
54	0.00370694674718113
37	0.0035565242750276384
38	0.0035565242750276384
39	0.0035565242750276384
40	0.0035565242750276384
41	0.0035565242750276384
42	0.0035565242750276384
43	0.0035565242750276384
44	0.0035565242750276384
29	0.0033752306743610808
30	0.0033752306743610808
31	0.0033752306743610808
32	0.0033752306743610808
33	0.0033752306743610808
34	0.0033752306743610808
35	0.0033752306743610808
22	0.003154930001030578
23	0.003154930001030578
24	0.003154930001030578
25	0.003154930001030578
26	0.003154930001030578
27	0.003154930001030578
16	0.0028847426109372782
17	0.0028847426109372782
18	0.0028847426109372782
19	0.0028847426109372782
20	0.0028847426109372782
11	0.0025498869098571687
12	0.0025498869098571687
13	0.0025498869098571687
14	0.0025498869098571687
7	0.0021299208815088143
8	0.0021299208815088143
9	0.0021299208815088143
4	0.0015960075840396903
5	0.0015960075840396903
2	0.0009065482975296335
