1	0.009090909090909097
2	0.009090909090909097
3	0.009090909090909097
4	0.009090909090909097
5	0.009090909090909097
6	0.009090909090909097
7	0.009090909090909097
8	0.009090909090909097
9	0.009090909090909097
10	0.009090909090909097
11	0.009090909090909097
12	0.009090909090909097
13	0.009090909090909097
14	0.009090909090909097
15	0.009090909090909097
16	0.009090909090909097
17	0.009090909090909097
18	0.009090909090909097
19	0.009090909090909097
20	0.009090909090909097
21	0.009090909090909097
22	0.009090909090909097
23	0.009090909090909097
24	0.009090909090909097
25	0.009090909090909097
26	0.009090909090909097
27	0.009090909090909097
28	0.009090909090909097
29	0.009090909090909097
30	0.009090909090909097
31	0.009090909090909097
32	0.009090909090909097
33	0.009090909090909097
34	0.009090909090909097
35	0.009090909090909097
36	0.009090909090909097
37	0.009090909090909097
38	0.009090909090909097
39	0.009090909090909097
40	0.009090909090909097
41	0.009090909090909097
42	0.009090909090909097
43	0.009090909090909097
44	0.009090909090909097
45	0.009090909090909097
46	0.009090909090909097
47	0.009090909090909097
48	0.009090909090909097
49	0.009090909090909097
50	0.009090909090909097
51	0.009090909090909097
52	0.009090909090909097
53	0.009090909090909097
54	0.009090909090909097
55	0.009090909090909097
56	0.009090909090909097
57	0.009090909090909097
58	0.009090909090909097
59	0.009090909090909097
60	0.009090909090909097
61	0.009090909090909097
62	0.009090909090909097
63	0.009090909090909097
64	0.009090909090909097
65	0.009090909090909097
66	0.009090909090909097
67	0.009090909090909097
68	0.009090909090909097
69	0.009090909090909097
70	0.009090909090909097
71	0.009090909090909097
72	0.009090909090909097
73	0.009090909090909097
74	0.009090909090909097
75	0.009090909090909097
76	0.009090909090909097
77	0.009090909090909097
78	0.009090909090909097
79	0.009090909090909097
80	0.009090909090909097
81	0.009090909090909097
82	0.009090909090909097
83	0.009090909090909097
84	0.009090909090909097
85	0.009090909090909097
86	0.009090909090909097
87	0.009090909090909097
88	0.009090909090909097
89	0.009090909090909097
90	0.009090909090909097
91	0.009090909090909097
92	0.009090909090909097
93	0.009090909090909097
94	0.009090909090909097
95	0.009090909090909097
96	0.009090909090909097
97	0.009090909090909097
98	0.009090909090909097
99	0.009090909090909097
100	0.009090909090909097
101	0.009090909090909097
102	0.009090909090909097
103	0.009090909090909097
104	0.009090909090909097
105	0.009090909090909097
106	0.009090909090909097
107	0.009090909090909097
108	0.009090909090909097
109	0.009090909090909097
110	0.009090909090909097
