1	5.803626156042352e-11
2	2.4105811747762718e-12
3	6.076386355885477e-11
4	5.050741509055046e-12
5	5.05077837192891e-12
6	6.379666846884069e-11
7	7.992044743013182e-12
8	7.992591614588984e-12
9	7.99211456563309e-12
10	6.724578532901759e-11
11	1.1342986012269352e-11
12	1.1342183485821278e-11
13	1.1342804516825677e-11
14	1.1342521323218224e-11
15	7.13366215057687e-11
16	1.5316232440318323e-11
17	1.5315393050996384e-11
18	1.531594404254044e-11
19	1.531583497180189e-11
20	1.531578574902326e-11
21	7.668189694332028e-11
22	2.04895514617498e-11
23	2.0489406178658687e-11
24	2.0490247519544535e-11
25	2.0489886263380663e-11
26	2.0489781746291236e-11
27	2.0489790853589485e-11
28	8.445127496620186e-11
29	2.7993223624539487e-11
30	2.7992740937732297e-11
31	2.7993025432382357e-11
32	2.7992509352148254e-11
33	2.799282984231044e-11
34	2.7992895761802528e-11
35	2.7992763922818353e-11
36	9.578773451507372e-11
37	3.897367281333053e-11
38	3.897287961102114e-11
39	3.897321658105635e-11
40	3.897349457049337e-11
41	3.8973096885136504e-11
42	3.8973186657076386e-11
43	3.897313201328689e-11
44	3.897334364955096e-11
45	1.1089708144840227e-10
46	5.3703245409680855e-11
47	5.370365263601684e-11
48	5.370351819494745e-11
49	5.370410886829102e-11
50	5.370384735872702e-11
51	5.370318686276354e-11
52	5.370382220523662e-11
53	5.3703828276768784e-11
54	5.370380832744881e-11
55	1.286708265976766e-10
56	7.116714466001706e-11
57	7.116692131436952e-11
58	7.116685843064352e-11
59	7.11665748033552e-11
60	7.116721274791349e-11
61	7.116698506545727e-11
62	7.116671054546719e-11
63	7.116698896858509e-11
64	7.116711690444144e-11
65	7.116706442905629e-11
66	1.469894726768839e-10
67	8.931420013291724e-11
68	8.93158875851785e-11
69	8.93150622904848e-11
70	8.931522492081068e-11
71	8.931572191908654e-11
72	8.931494259456496e-11
73	8.931515770027598e-11
74	8.931522101768286e-11
75	8.93145770015924e-11
76	8.93155280637381e-11
77	8.931498032480056e-11
78	1.6333553433389714e-10
79	1.056609092754679e-10
80	1.0566204595302553e-10
81	1.0566109879400765e-10
82	1.056617358712042e-10
83	1.0566132951222995e-10
84	1.0566192712446743e-10
85	1.0566058401481615e-10
86	1.056617107177138e-10
87	1.0566121371943793e-10
88	1.0566194880851087e-10
89	1.0566127400107872e-10
90	1.056613876254664e-10
91	1.7534989519424338e-10
92	1.178362494386187e-10
93	1.178381879921031e-10
94	1.1783746591345623e-10
95	1.178372495067026e-10
96	1.1783753573607614e-10
97	1.17837347518579e-10
98	1.1783724820566e-10
99	1.1783751838884138e-10
100	1.1783729330847037e-10
101	1.1783748369437186e-10
102	1.1783738177936764e-10
103	1.178373934887511e-10
104	1.178373878508998e-10
105	1.8118566456198915e-10
106	1.23960315970284e-10
107	1.239600306082722e-10
108	1.2396010086457299e-10
109	1.239604560492047e-10
110	1.2395947289467468e-10
111	1.2396087064811545e-10
112	1.2395973483791956e-10
113	1.239599846381001e-10
114	1.2396062258265839e-10
115	1.239601299211912e-10
116	1.239597677976656e-10
117	1.2396034069009354e-10
118	1.2396029558728316e-10
119	1.2396017285559724e-10
120	1.7964344681958844e-10
121	1.227809750571629e-10
122	1.2278212517882747e-10
123	1.227818029539418e-10
124	1.2278285029324043e-10
125	1.2278122745942865e-10
126	1.2278181379596353e-10
127	1.2278259138576164e-10
128	1.2278158090933688e-10
129	1.227820800760171e-10
130	1.2278151715824914e-10
131	1.2278238105054018e-10
132	1.2278178820879226e-10
133	1.2278196558426768e-10
134	1.227818714755191e-10
135	1.2278214686287092e-10
136	1.7016173019246406e-10
137	1.1369210867889779e-10
138	1.1369138920233612e-10
139	1.1369243480691127e-10
140	1.1369237972944091e-10
141	1.1369221796647677e-10
142	1.1369192349716672e-10
143	1.1369202844793702e-10
144	1.136923350603114e-10
145	1.1369179642867211e-10
146	1.136919798756797e-10
147	1.1369252978302158e-10
148	1.1369191655827282e-10
149	1.1369197727359448e-10
150	1.1369230947314013e-10
151	1.136921993181994e-10
152	1.1369192046140064e-10
153	1.5271707336228513e-10
154	9.66241318726968e-11
155	9.662459200809881e-11
156	9.662423855819058e-11
157	9.662417047029415e-11
158	9.66244606027955e-11
159	9.662385041381283e-11
160	9.662428973253312e-11
161	9.662404817228909e-11
162	9.66239501604127e-11
163	9.662415529146373e-11
164	9.662420429740193e-11
165	9.662420429740193e-11
166	9.662409197405686e-11
167	9.662403082505433e-11
168	9.662420820052975e-11
169	9.662414054631419e-11
170	9.66242619769575e-11
171	1.276975140213077e-10
172	7.193290234297489e-11
173	7.193307234587554e-11
174	7.19325931285153e-11
175	7.193305499864078e-11
176	7.193258575594053e-11
177	7.193320245013624e-11
178	7.193279695852373e-11
179	7.193275228939422e-11
180	7.193269070671082e-11
181	7.193306800906685e-11
182	7.193267769628475e-11
183	7.193271325811601e-11
184	7.193274881994727e-11
185	7.193285593912191e-11
186	7.193279218803417e-11
187	7.193273884528728e-11
188	7.193283252035498e-11
189	7.193288846518708e-11
190	9.577354100759328e-11
191	4.026511589427795e-11
192	4.0265603785255566e-11
193	4.0264948927143385e-11
194	4.0265526156380016e-11
195	4.026531668852029e-11
196	4.026550187025135e-11
197	4.026542901186536e-11
198	4.026539475107671e-11
199	4.026537870488456e-11
200	4.02655166154009e-11
201	4.0265406460460174e-11
202	4.026531452011595e-11
203	4.0265612458872946e-11
204	4.026537870488456e-11
205	4.0265514013315684e-11
206	4.026552008484785e-11
207	4.026542510873754e-11
208	4.026537263335239e-11
209	4.0265423374014064e-11
210	5.778709889076028e-11
211	2.450452601249209e-12
212	2.4503567577771612e-12
213	2.4498727699273637e-12
214	2.45043915714227e-12
215	2.4504725505691827e-12
216	2.450293440370288e-12
217	2.45021060732431e-12
218	2.450227087197332e-12
219	2.4502717563268384e-12
220	2.4501663718756728e-12
221	2.4503519872876023e-12
222	2.4502466028364367e-12
223	2.450382778629301e-12
224	2.4501121617670485e-12
225	2.4502539754112096e-12
226	2.4502739247311833e-12
227	2.450214076771262e-12
228	2.4502591795816375e-12
229	2.450220581984297e-12
230	2.450237061857319e-12
231	1.466075524869659e-11
232	4.059584873122857e-11
233	4.059592115593369e-11
234	4.059592982955107e-11
235	4.0596147103666436e-11
236	4.059608942411086e-11
237	4.0596034780321366e-11
238	4.0595784980140825e-11
239	4.059609896508998e-11
240	4.059582704718512e-11
241	4.0595987942787515e-11
242	4.059579105167299e-11
243	4.059602133621443e-11
244	4.0596005290022275e-11
245	4.059601526468226e-11
246	4.0595828348227725e-11
247	4.0596034780321366e-11
248	4.0595987942787515e-11
249	4.059596062089277e-11
250	4.059596539138233e-11
251	4.059585567012247e-11
252	4.0595987942787515e-11
253	3.266645461075246e-11
254	8.793398864961888e-11
255	8.793375142618354e-11
256	8.793393270478678e-11
257	8.793361698511415e-11
258	8.79340415586849e-11
259	8.793371196122446e-11
260	8.79338693873799e-11
261	8.793386678529469e-11
262	8.793386678529469e-11
263	8.793375663035397e-11
264	8.793399472115104e-11
265	8.793385464223036e-11
266	8.793367292994625e-11
267	8.793398344544845e-11
268	8.793382038144171e-11
269	8.79338693873799e-11
270	8.793376053348179e-11
271	8.793391405650941e-11
272	8.793383989708081e-11
273	8.793385941271992e-11
274	8.793384770333645e-11
275	8.793387936203989e-11
276	8.328732842288744e-11
277	1.386516622001177e-10
278	1.3865167434318204e-10
279	1.3865169559354462e-10
280	1.386517363595463e-10
281	1.3865165569490467e-10
282	1.386517684519306e-10
283	1.386517029661194e-10
284	1.386517055682046e-10
285	1.3865163227613775e-10
286	1.3865178840125059e-10
287	1.3865164094975513e-10
288	1.3865176238039845e-10
289	1.3865172508384371e-10
290	1.3865168171575681e-10
291	1.386516916904168e-10
292	1.386516595980325e-10
293	1.3865171294077938e-10
294	1.386517337574611e-10
295	1.3865168691992724e-10
296	1.386516916904168e-10
297	1.3865170686924722e-10
298	1.386516929914594e-10
299	1.3865182092731576e-10
300	1.363546437219143e-10
301	1.918947487890288e-10
302	1.9189473534492185e-10
303	1.9189473534492185e-10
304	1.918947401154114e-10
305	1.918947401154114e-10
306	1.918947401154114e-10
307	1.918947054209419e-10
308	1.9189472537026186e-10
309	1.9189474531958184e-10
310	1.9189471019143145e-10
311	1.9189471019143145e-10
312	1.9189471539560188e-10
313	1.9189472016609144e-10
314	1.9189472537026186e-10
315	1.918947054209419e-10
316	1.9189473534492185e-10
317	1.9189472016609144e-10
318	1.918947054209419e-10
319	1.9189471539560188e-10
320	1.918947054209419e-10
321	1.9189472016609144e-10
322	1.9189472537026186e-10
323	1.9189473014075142e-10
324	1.9189444174297354e-10
325	1.911001296442394e-10
326	2.4688553371815525e-10
327	2.4688553371815525e-10
328	2.4688553371815525e-10
329	2.4688553371815525e-10
330	2.4688553371815525e-10
331	2.4688553371815525e-10
332	2.4688553371815525e-10
333	2.4688553371815525e-10
334	2.4688553371815525e-10
335	2.4688553371815525e-10
336	2.4688553371815525e-10
337	2.4688553371815525e-10
338	2.4688553371815525e-10
339	2.4688553371815525e-10
340	2.4688553371815525e-10
341	2.4688553371815525e-10
342	2.4688553371815525e-10
343	2.4688553371815525e-10
344	2.4688553371815525e-10
345	2.4688553371815525e-10
346	2.4688553371815525e-10
347	2.4688553371815525e-10
348	2.4688553371815525e-10
349	2.4688553371815525e-10
350	2.4688553371815525e-10
