325	0.006033834604676656
300	0.006022083645155293
276	0.006009088516624102
253	0.0059946867421779675
231	0.0059786893464006344
210	0.005960875558058881
190	0.005940986238749597
171	0.005918715674454729
153	0.0058937012458714685
136	0.005865510325475704
120	0.005833623513717221
105	0.005797412992107308
91	0.005756114289079922
78	0.005708789050315588
66	0.005654275359535224
55	0.005591120575566668
45	0.005517489217163181
36	0.005431034596508312
28	0.005328716731113135
21	0.005206538856704092
15	0.005059157475017479
10	0.004879290239785556
6	0.004656789927048036
3	0.004377145520982007
1	0.00401895554133079
326	0.002898043184393322
327	0.002898043184393322
328	0.002898043184393322
329	0.002898043184393322
330	0.002898043184393322
331	0.002898043184393322
332	0.002898043184393322
333	0.002898043184393322
334	0.002898043184393322
335	0.002898043184393322
336	0.002898043184393322
337	0.002898043184393322
338	0.002898043184393322
339	0.002898043184393322
340	0.002898043184393322
341	0.002898043184393322
342	0.002898043184393322
343	0.002898043184393322
344	0.002898043184393322
345	0.002898043184393322
346	0.002898043184393322
347	0.002898043184393322
348	0.002898043184393322
349	0.002898043184393322
350	0.002898043184393322
301	0.0028865391098706044
302	0.0028865391098706044
303	0.0028865391098706044
304	0.0028865391098706044
305	0.0028865391098706044
306	0.0028865391098706044
307	0.0028865391098706044
308	0.0028865391098706044
309	0.0028865391098706044
310	0.0028865391098706044
311	0.0028865391098706044
312	0.0028865391098706044
313	0.0028865391098706044
314	0.0028865391098706044
315	0.0028865391098706044
316	0.0028865391098706044
317	0.0028865391098706044
318	0.0028865391098706044
319	0.0028865391098706044
320	0.0028865391098706044
321	0.0028865391098706044
322	0.0028865391098706044
323	0.0028865391098706044
324	0.0028865391098706044
277	0.002873643584327021
278	0.002873643584327021
279	0.002873643584327021
280	0.002873643584327021
281	0.002873643584327021
282	0.002873643584327021
283	0.002873643584327021
284	0.002873643584327021
285	0.002873643584327021
286	0.002873643584327021
287	0.002873643584327021
288	0.002873643584327021
289	0.002873643584327021
290	0.002873643584327021
291	0.002873643584327021
292	0.002873643584327021
293	0.002873643584327021
294	0.002873643584327021
295	0.002873643584327021
296	0.002873643584327021
297	0.002873643584327021
298	0.002873643584327021
299	0.002873643584327021
254	0.0028591666402163554
255	0.0028591666402163554
256	0.0028591666402163554
257	0.0028591666402163554
258	0.0028591666402163554
259	0.0028591666402163554
260	0.0028591666402163554
261	0.0028591666402163554
262	0.0028591666402163554
263	0.0028591666402163554
264	0.0028591666402163554
265	0.0028591666402163554
266	0.0028591666402163554
267	0.0028591666402163554
268	0.0028591666402163554
269	0.0028591666402163554
270	0.0028591666402163554
271	0.0028591666402163554
272	0.0028591666402163554
273	0.0028591666402163554
274	0.0028591666402163554
275	0.0028591666402163554
232	0.002842886651468331
233	0.002842886651468331
234	0.002842886651468331
235	0.002842886651468331
236	0.002842886651468331
237	0.002842886651468331
238	0.002842886651468331
239	0.002842886651468331
240	0.002842886651468331
241	0.002842886651468331
242	0.002842886651468331
243	0.002842886651468331
244	0.002842886651468331
245	0.002842886651468331
246	0.002842886651468331
247	0.002842886651468331
248	0.002842886651468331
249	0.002842886651468331
250	0.002842886651468331
251	0.002842886651468331
252	0.002842886651468331
211	0.002824543925988998
212	0.002824543925988998
213	0.002824543925988998
214	0.002824543925988998
215	0.002824543925988998
216	0.002824543925988998
217	0.002824543925988998
218	0.002824543925988998
219	0.002824543925988998
220	0.002824543925988998
221	0.002824543925988998
222	0.002824543925988998
223	0.002824543925988998
224	0.002824543925988998
225	0.002824543925988998
226	0.002824543925988998
227	0.002824543925988998
228	0.002824543925988998
229	0.002824543925988998
230	0.002824543925988998
191	0.0028038327451801225
192	0.0028038327451801225
193	0.0028038327451801225
194	0.0028038327451801225
195	0.0028038327451801225
196	0.0028038327451801225
197	0.0028038327451801225
198	0.0028038327451801225
199	0.0028038327451801225
200	0.0028038327451801225
201	0.0028038327451801225
202	0.0028038327451801225
203	0.0028038327451801225
204	0.0028038327451801225
205	0.0028038327451801225
206	0.0028038327451801225
207	0.0028038327451801225
208	0.0028038327451801225
209	0.0028038327451801225
172	0.002780391405704628
173	0.002780391405704628
174	0.002780391405704628
175	0.002780391405704628
176	0.002780391405704628
177	0.002780391405704628
178	0.002780391405704628
179	0.002780391405704628
180	0.002780391405704628
181	0.002780391405704628
182	0.002780391405704628
183	0.002780391405704628
184	0.002780391405704628
185	0.002780391405704628
186	0.002780391405704628
187	0.002780391405704628
188	0.002780391405704628
189	0.002780391405704628
154	0.00275378966986927
155	0.00275378966986927
156	0.00275378966986927
157	0.00275378966986927
158	0.00275378966986927
159	0.00275378966986927
160	0.00275378966986927
161	0.00275378966986927
162	0.00275378966986927
163	0.00275378966986927
164	0.00275378966986927
165	0.00275378966986927
166	0.00275378966986927
167	0.00275378966986927
168	0.00275378966986927
169	0.00275378966986927
170	0.00275378966986927
137	0.002723512824445902
138	0.002723512824445902
139	0.002723512824445902
140	0.002723512824445902
141	0.002723512824445902
142	0.002723512824445902
143	0.002723512824445902
144	0.002723512824445902
145	0.002723512824445902
146	0.002723512824445902
147	0.002723512824445902
148	0.002723512824445902
149	0.002723512824445902
150	0.002723512824445902
151	0.002723512824445902
152	0.002723512824445902
121	0.002688941257800539
122	0.002688941257800539
123	0.002688941257800539
124	0.002688941257800539
125	0.002688941257800539
126	0.002688941257800539
127	0.002688941257800539
128	0.002688941257800539
129	0.002688941257800539
130	0.002688941257800539
131	0.002688941257800539
132	0.002688941257800539
133	0.002688941257800539
134	0.002688941257800539
135	0.002688941257800539
106	0.002649324053040877
107	0.002649324053040877
108	0.002649324053040877
109	0.002649324053040877
110	0.002649324053040877
111	0.002649324053040877
112	0.002649324053040877
113	0.002649324053040877
114	0.002649324053040877
115	0.002649324053040877
116	0.002649324053040877
117	0.002649324053040877
118	0.002649324053040877
119	0.002649324053040877
92	0.0026037445010378864
93	0.0026037445010378864
94	0.0026037445010378864
95	0.0026037445010378864
96	0.0026037445010378864
97	0.0026037445010378864
98	0.0026037445010378864
99	0.0026037445010378864
100	0.0026037445010378864
101	0.0026037445010378864
102	0.0026037445010378864
103	0.0026037445010378864
104	0.0026037445010378864
79	0.002551074568869386
80	0.002551074568869386
81	0.002551074568869386
82	0.002551074568869386
83	0.002551074568869386
84	0.002551074568869386
85	0.002551074568869386
86	0.002551074568869386
87	0.002551074568869386
88	0.002551074568869386
89	0.002551074568869386
90	0.002551074568869386
67	0.002489914069170175
68	0.002489914069170175
69	0.002489914069170175
70	0.002489914069170175
71	0.002489914069170175
72	0.002489914069170175
73	0.002489914069170175
74	0.002489914069170175
75	0.002489914069170175
76	0.002489914069170175
77	0.002489914069170175
56	0.0024185083253958828
57	0.0024185083253958828
58	0.0024185083253958828
59	0.0024185083253958828
60	0.0024185083253958828
61	0.0024185083253958828
62	0.0024185083253958828
63	0.0024185083253958828
64	0.0024185083253958828
65	0.0024185083253958828
46	0.002334635121866842
47	0.002334635121866842
48	0.002334635121866842
49	0.002334635121866842
50	0.002334635121866842
51	0.002334635121866842
52	0.002334635121866842
53	0.002334635121866842
54	0.002334635121866842
37	0.0022354469950583303
38	0.0022354469950583303
39	0.0022354469950583303
40	0.0022354469950583303
41	0.0022354469950583303
42	0.0022354469950583303
43	0.0022354469950583303
44	0.0022354469950583303
29	0.0021172472953551727
30	0.0021172472953551727
31	0.0021172472953551727
32	0.0021172472953551727
33	0.0021172472953551727
34	0.0021172472953551727
35	0.0021172472953551727
22	0.0019751658285084104
23	0.0019751658285084104
24	0.0019751658285084104
25	0.0019751658285084104
26	0.0019751658285084104
27	0.0019751658285084104
16	0.0018026783797230458
17	0.0018026783797230458
18	0.0018026783797230458
19	0.0018026783797230458
20	0.0018026783797230458
11	0.001590876528254812
12	0.001590876528254812
13	0.001590876528254812
14	0.001590876528254812
7	0.001327324790487325
8	0.001327324790487325
9	0.001327324790487325
4	0.0009942094220436212
5	0.0009942094220436212
2	0.0005652159174140239
