325	0.006033834795776786
300	0.006022083781509937
276	0.0060090885999114305
253	0.005994686774844422
231	0.005978689331739879
210	0.005960875500271782
190	0.005940986142976056
171	0.005918715546757215
153	0.005893701093154395
136	0.0058655101553139735
120	0.005833623334073774
105	0.005797412810921643
91	0.005756114113730027
78	0.005708788886980054
66	0.005654275212545751
55	0.005591120446895841
45	0.0055174891062661
36	0.005431034500720577
28	0.00532871664666186
21	0.005206538780022195
15	0.005059157403680858
10	0.00487929017253977
6	0.004656789863251368
3	0.004377145460218144
1	0.004018955483294529
326	0.002898043431278856
327	0.002898043431278856
328	0.002898043431278856
329	0.002898043431278856
330	0.002898043431278856
331	0.002898043431278856
332	0.002898043431278856
333	0.002898043431278856
334	0.002898043431278856
335	0.002898043431278856
336	0.002898043431278856
337	0.002898043431278856
338	0.002898043431278856
339	0.002898043431278856
340	0.002898043431278856
341	0.002898043431278856
342	0.002898043431278856
343	0.002898043431278856
344	0.002898043431278856
345	0.002898043431278856
346	0.002898043431278856
347	0.002898043431278856
348	0.002898043431278856
349	0.002898043431278856
350	0.002898043431278856
301	0.002886539301765353
309	0.0028865393017653497
304	0.0028865393017653445
305	0.0028865393017653445
306	0.0028865393017653445
302	0.0028865393017653397
303	0.0028865393017653397
316	0.0028865393017653397
323	0.0028865393017653345
308	0.0028865393017653298
314	0.0028865393017653298
322	0.0028865393017653298
313	0.0028865393017653246
317	0.0028865393017653246
321	0.0028865393017653246
312	0.00288653930176532
319	0.00288653930176532
310	0.0028865393017653146
311	0.0028865393017653146
307	0.00288653930176531
315	0.00288653930176531
318	0.00288653930176531
320	0.00288653930176531
324	0.002886539301765046
299	0.002873643722978842
286	0.0028736437229788096
282	0.0028736437229787896
288	0.0028736437229787836
280	0.0028736437229787575
294	0.002873643722978755
289	0.0028736437229787463
293	0.002873643722978734
297	0.002873643722978728
284	0.0028736437229787267
283	0.002873643722978724
279	0.0028736437229787168
298	0.002873643722978714
291	0.002873643722978713
296	0.002873643722978713
295	0.002873643722978708
290	0.002873643722978703
278	0.0028736437229786955
277	0.0028736437229786834
292	0.0028736437229786808
281	0.002873643722978677
287	0.002873643722978662
285	0.0028736437229786535
258	0.002859166728150397
264	0.00285916672815035
254	0.002859166728150344
267	0.002859166728150339
256	0.002859166728150288
271	0.0028591667281502695
275	0.0028591667281502348
260	0.002859166728150225
269	0.002859166728150225
261	0.002859166728150222
262	0.002859166728150222
273	0.002859166728150215
265	0.00285916672815021
274	0.002859166728150203
272	0.0028591667281501953
268	0.002859166728150176
270	0.002859166728150116
263	0.002859166728150112
255	0.002859166728150107
259	0.0028591667281500674
266	0.0028591667281500283
257	0.0028591667281499724
235	0.002842886692064478
239	0.00284288669206443
236	0.0028428866920644203
237	0.0028428866920643656
247	0.0028428866920643656
243	0.002842886692064352
245	0.002842886692064346
244	0.002842886692064336
241	0.002842886692064319
248	0.002842886692064319
252	0.002842886692064319
250	0.0028428866920642963
249	0.0028428866920642915
234	0.0028428866920642607
233	0.002842886692064252
251	0.0028428866920641865
232	0.0028428866920641796
246	0.002842886692064159
240	0.002842886692064158
242	0.002842886692064122
238	0.002842886692064116
213	0.002824543923539125
224	0.0028245439235388857
220	0.0028245439235388315
217	0.0028245439235387872
227	0.0028245439235387837
229	0.0028245439235387772
218	0.0028245439235387707
230	0.0028245439235387608
222	0.0028245439235387512
225	0.002824543923538744
228	0.0028245439235387386
219	0.002824543923538726
226	0.002824543923538724
216	0.0028245439235387044
221	0.002824543923538646
212	0.002824543923538641
223	0.002824543923538615
214	0.0028245439235385587
211	0.0028245439235385452
215	0.0028245439235385253
193	0.0028038327049151736
191	0.0028038327049150066
202	0.002803832704914808
195	0.002803832704914806
208	0.00280383270491475
199	0.002803832704914744
204	0.002803832704914744
198	0.0028038327049147277
201	0.002803832704914716
209	0.002803832704914699
207	0.0028038327049146974
197	0.0028038327049146935
196	0.0028038327049146206
205	0.0028038327049146085
200	0.002803832704914606
206	0.0028038327049146024
194	0.0028038327049145963
192	0.0028038327049145187
203	0.00280383270491451
176	0.0027803913337720422
174	0.002780391333772035
182	0.0027803913337719503
180	0.0027803913337719373
183	0.0027803913337719147
187	0.002780391333771889
184	0.002780391333771879
179	0.0027803913337718757
186	0.002780391333771836
178	0.002780391333771831
188	0.0027803913337717955
185	0.002780391333771772
189	0.0027803913337717395
172	0.0027803913337717256
175	0.002780391333771573
181	0.00278039133377156
173	0.0027803913337715556
177	0.0027803913337714255
159	0.0027537895732454194
162	0.0027537895732453197
167	0.002753789573245239
161	0.0027537895732452217
166	0.002753789573245178
154	0.002753789573245138
169	0.0027537895732451293
163	0.0027537895732451145
157	0.0027537895732450994
164	0.0027537895732450655
165	0.0027537895732450655
168	0.0027537895732450616
156	0.0027537895732450313
170	0.002753789573245008
160	0.00275378957324498
158	0.0027537895732448092
155	0.002753789573244678
138	0.002723512710754513
145	0.0027235127107541057
148	0.0027235127107539856
152	0.0027235127107539817
142	0.0027235127107539787
149	0.002723512710753925
146	0.0027235127107539223
143	0.0027235127107538737
137	0.0027235127107537935
151	0.002723512710753703
141	0.002723512710753684
150	0.0027235127107535927
144	0.002723512710753567
140	0.0027235127107535224
139	0.0027235127107534673
147	0.0027235127107533724
121	0.002688941135019564
125	0.0026889411350193115
130	0.002688941135019022
128	0.002688941135018958
132	0.0026889411350187508
123	0.002688941135018736
126	0.002688941135018725
134	0.0026889411350186675
133	0.0026889411350185734
129	0.002688941135018459
122	0.002688941135018414
135	0.002688941135018392
131	0.002688941135018158
127	0.0026889411350179476
124	0.0026889411350176887
110	0.002649323929081404
112	0.002649323929081142
116	0.0026493239290811092
113	0.0026493239290808924
107	0.0026493239290808464
108	0.002649323929080776
115	0.002649323929080747
119	0.002649323929080704
118	0.0026493239290805814
106	0.002649323929080561
117	0.0026493239290805363
109	0.002649323929080421
114	0.0026493239290802544
111	0.0026493239290800064
92	0.002603744383201637
98	0.002603744383200638
95	0.002603744383200637
100	0.002603744383200593
97	0.002603744383200539
102	0.0026037443832005046
104	0.0026037443832004985
103	0.002603744383200493
94	0.0026037443832004205
101	0.0026037443832004027
99	0.002603744383200368
96	0.0026037443832003506
93	0.0026037443831996984
85	0.002551074463208802
79	0.0025510744632084767
81	0.0025510744632082872
87	0.0025510744632081723
89	0.002551074463208112
83	0.0025510744632080565
90	0.0025510744632079984
86	0.0025510744632076753
82	0.00255107446320765
84	0.002551074463207459
88	0.002551074463207437
80	0.00255107446320734
67	0.002489913979855975
75	0.002489913979855598
72	0.0024899139798552324
77	0.0024899139798551947
69	0.0024899139798551127
73	0.0024899139798550173
74	0.002489913979854954
70	0.00248991397985495
76	0.002489913979854647
71	0.002489913979854453
68	0.0024899139798542874
59	0.002418508254229308
62	0.002418508254229172
58	0.0024185082542290243
57	0.0024185082542289614
61	0.0024185082542288977
63	0.0024185082542288938
65	0.0024185082542288183
64	0.002418508254228766
56	0.002418508254228738
60	0.00241850825422867
51	0.002334635068163655
46	0.0023346350681635966
48	0.0023346350681633238
47	0.0023346350681631893
54	0.0023346350681630336
52	0.0023346350681630198
53	0.0023346350681630137
50	0.0023346350681629946
49	0.002334635068162733
38	0.0022354469560854507
41	0.0022354469560852334
43	0.0022354469560851983
42	0.0022354469560851437
39	0.0022354469560851137
44	0.0022354469560849867
40	0.0022354469560848357
37	0.0022354469560846575
32	0.0021172472673626633
30	0.0021172472673624317
35	0.0021172472673624087
33	0.002117247267362343
34	0.002117247267362277
31	0.0021172472673621472
29	0.002117247267361949
23	0.0019751658080190042
22	0.001975165808018859
26	0.0019751658080186286
27	0.0019751658080186195
25	0.001975165808018524
24	0.001975165808018163
17	0.0018026783644076528
20	0.00180267836440726
19	0.0018026783644072108
18	0.0018026783644071018
16	0.0018026783644068134
12	0.0015908765169126286
14	0.0015908765169122907
13	0.0015908765169120075
11	0.001590876516911826
7	0.0013273247824952803
9	0.0013273247824952105
8	0.0013273247824947335
4	0.0009942094169928797
5	0.0009942094169928428
2	0.0005652159150034427
