1	0.0014084507042253472
2	0.0014084507042253472
3	0.0014084507042253472
4	0.0014084507042253472
5	0.0014084507042253472
6	0.0014084507042253472
7	0.0014084507042253472
8	0.0014084507042253472
9	0.0014084507042253472
10	0.0014084507042253472
11	0.0014084507042253472
12	0.0014084507042253472
13	0.0014084507042253472
14	0.0014084507042253472
15	0.0014084507042253472
16	0.0014084507042253472
17	0.0014084507042253472
18	0.0014084507042253472
19	0.0014084507042253472
20	0.0014084507042253472
21	0.0014084507042253472
22	0.0014084507042253472
23	0.0014084507042253472
24	0.0014084507042253472
25	0.0014084507042253472
26	0.0014084507042253472
27	0.0014084507042253472
28	0.0014084507042253472
29	0.0014084507042253472
30	0.0014084507042253472
31	0.0014084507042253472
32	0.0014084507042253472
33	0.0014084507042253472
34	0.0014084507042253472
35	0.0014084507042253472
36	0.0014084507042253472
37	0.0014084507042253472
38	0.0014084507042253472
39	0.0014084507042253472
40	0.0014084507042253472
41	0.0014084507042253472
42	0.0014084507042253472
43	0.0014084507042253472
44	0.0014084507042253472
45	0.0014084507042253472
46	0.0014084507042253472
47	0.0014084507042253472
48	0.0014084507042253472
49	0.0014084507042253472
50	0.0014084507042253472
51	0.0014084507042253472
52	0.0014084507042253472
53	0.0014084507042253472
54	0.0014084507042253472
55	0.0014084507042253472
56	0.0014084507042253472
57	0.0014084507042253472
58	0.0014084507042253472
59	0.0014084507042253472
60	0.0014084507042253472
61	0.0014084507042253472
62	0.0014084507042253472
63	0.0014084507042253472
64	0.0014084507042253472
65	0.0014084507042253472
66	0.0014084507042253472
67	0.0014084507042253472
68	0.0014084507042253472
69	0.0014084507042253472
70	0.0014084507042253472
71	0.0014084507042253472
72	0.0014084507042253472
73	0.0014084507042253472
74	0.0014084507042253472
75	0.0014084507042253472
76	0.0014084507042253472
77	0.0014084507042253472
78	0.0014084507042253472
79	0.0014084507042253472
80	0.0014084507042253472
81	0.0014084507042253472
82	0.0014084507042253472
83	0.0014084507042253472
84	0.0014084507042253472
85	0.0014084507042253472
86	0.0014084507042253472
87	0.0014084507042253472
88	0.0014084507042253472
89	0.0014084507042253472
90	0.0014084507042253472
91	0.0014084507042253472
92	0.0014084507042253472
93	0.0014084507042253472
94	0.0014084507042253472
95	0.0014084507042253472
96	0.0014084507042253472
97	0.0014084507042253472
98	0.0014084507042253472
99	0.0014084507042253472
100	0.0014084507042253472
101	0.0014084507042253472
102	0.0014084507042253472
103	0.0014084507042253472
104	0.0014084507042253472
105	0.0014084507042253472
106	0.0014084507042253472
107	0.0014084507042253472
108	0.0014084507042253472
109	0.0014084507042253472
110	0.0014084507042253472
111	0.0014084507042253472
112	0.0014084507042253472
113	0.0014084507042253472
114	0.0014084507042253472
115	0.0014084507042253472
116	0.0014084507042253472
117	0.0014084507042253472
118	0.0014084507042253472
119	0.0014084507042253472
120	0.0014084507042253472
121	0.0014084507042253472
122	0.0014084507042253472
123	0.0014084507042253472
124	0.0014084507042253472
125	0.0014084507042253472
126	0.0014084507042253472
127	0.0014084507042253472
128	0.0014084507042253472
129	0.0014084507042253472
130	0.0014084507042253472
131	0.0014084507042253472
132	0.0014084507042253472
133	0.0014084507042253472
134	0.0014084507042253472
135	0.0014084507042253472
136	0.0014084507042253472
137	0.0014084507042253472
138	0.0014084507042253472
139	0.0014084507042253472
140	0.0014084507042253472
141	0.0014084507042253472
142	0.0014084507042253472
143	0.0014084507042253472
144	0.0014084507042253472
145	0.0014084507042253472
146	0.0014084507042253472
147	0.0014084507042253472
148	0.0014084507042253472
149	0.0014084507042253472
150	0.0014084507042253472
151	0.0014084507042253472
152	0.0014084507042253472
153	0.0014084507042253472
154	0.0014084507042253472
155	0.0014084507042253472
156	0.0014084507042253472
157	0.0014084507042253472
158	0.0014084507042253472
159	0.0014084507042253472
160	0.0014084507042253472
161	0.0014084507042253472
162	0.0014084507042253472
163	0.0014084507042253472
164	0.0014084507042253472
165	0.0014084507042253472
166	0.0014084507042253472
167	0.0014084507042253472
168	0.0014084507042253472
169	0.0014084507042253472
170	0.0014084507042253472
171	0.0014084507042253472
172	0.0014084507042253472
173	0.0014084507042253472
174	0.0014084507042253472
175	0.0014084507042253472
176	0.0014084507042253472
177	0.0014084507042253472
178	0.0014084507042253472
179	0.0014084507042253472
180	0.0014084507042253472
181	0.0014084507042253472
182	0.0014084507042253472
183	0.0014084507042253472
184	0.0014084507042253472
185	0.0014084507042253472
186	0.0014084507042253472
187	0.0014084507042253472
188	0.0014084507042253472
189	0.0014084507042253472
190	0.0014084507042253472
191	0.0014084507042253472
192	0.0014084507042253472
193	0.0014084507042253472
194	0.0014084507042253472
195	0.0014084507042253472
196	0.0014084507042253472
197	0.0014084507042253472
198	0.0014084507042253472
199	0.0014084507042253472
200	0.0014084507042253472
201	0.0014084507042253472
202	0.0014084507042253472
203	0.0014084507042253472
204	0.0014084507042253472
205	0.0014084507042253472
206	0.0014084507042253472
207	0.0014084507042253472
208	0.0014084507042253472
209	0.0014084507042253472
210	0.0014084507042253472
211	0.0014084507042253472
212	0.0014084507042253472
213	0.0014084507042253472
214	0.0014084507042253472
215	0.0014084507042253472
216	0.0014084507042253472
217	0.0014084507042253472
218	0.0014084507042253472
219	0.0014084507042253472
220	0.0014084507042253472
221	0.0014084507042253472
222	0.0014084507042253472
223	0.0014084507042253472
224	0.0014084507042253472
225	0.0014084507042253472
226	0.0014084507042253472
227	0.0014084507042253472
228	0.0014084507042253472
229	0.0014084507042253472
230	0.0014084507042253472
231	0.0014084507042253472
232	0.0014084507042253472
233	0.0014084507042253472
234	0.0014084507042253472
235	0.0014084507042253472
236	0.0014084507042253472
237	0.0014084507042253472
238	0.0014084507042253472
239	0.0014084507042253472
240	0.0014084507042253472
241	0.0014084507042253472
242	0.0014084507042253472
243	0.0014084507042253472
244	0.0014084507042253472
245	0.0014084507042253472
246	0.0014084507042253472
247	0.0014084507042253472
248	0.0014084507042253472
249	0.0014084507042253472
250	0.0014084507042253472
251	0.0014084507042253472
252	0.0014084507042253472
253	0.0014084507042253472
254	0.0014084507042253472
255	0.0014084507042253472
256	0.0014084507042253472
257	0.0014084507042253472
258	0.0014084507042253472
259	0.0014084507042253472
260	0.0014084507042253472
261	0.0014084507042253472
262	0.0014084507042253472
263	0.0014084507042253472
264	0.0014084507042253472
265	0.0014084507042253472
266	0.0014084507042253472
267	0.0014084507042253472
268	0.0014084507042253472
269	0.0014084507042253472
270	0.0014084507042253472
271	0.0014084507042253472
272	0.0014084507042253472
273	0.0014084507042253472
274	0.0014084507042253472
275	0.0014084507042253472
276	0.0014084507042253472
277	0.0014084507042253472
278	0.0014084507042253472
279	0.0014084507042253472
280	0.0014084507042253472
281	0.0014084507042253472
282	0.0014084507042253472
283	0.0014084507042253472
284	0.0014084507042253472
285	0.0014084507042253472
286	0.0014084507042253472
287	0.0014084507042253472
288	0.0014084507042253472
289	0.0014084507042253472
290	0.0014084507042253472
291	0.0014084507042253472
292	0.0014084507042253472
293	0.0014084507042253472
294	0.0014084507042253472
295	0.0014084507042253472
296	0.0014084507042253472
297	0.0014084507042253472
298	0.0014084507042253472
299	0.0014084507042253472
300	0.0014084507042253472
301	0.0014084507042253472
302	0.0014084507042253472
303	0.0014084507042253472
304	0.0014084507042253472
305	0.0014084507042253472
306	0.0014084507042253472
307	0.0014084507042253472
308	0.0014084507042253472
309	0.0014084507042253472
310	0.0014084507042253472
311	0.0014084507042253472
312	0.0014084507042253472
313	0.0014084507042253472
314	0.0014084507042253472
315	0.0014084507042253472
316	0.0014084507042253472
317	0.0014084507042253472
318	0.0014084507042253472
319	0.0014084507042253472
320	0.0014084507042253472
321	0.0014084507042253472
322	0.0014084507042253472
323	0.0014084507042253472
324	0.0014084507042253472
325	0.0014084507042253472
326	0.0014084507042253472
327	0.0014084507042253472
328	0.0014084507042253472
329	0.0014084507042253472
330	0.0014084507042253472
331	0.0014084507042253472
332	0.0014084507042253472
333	0.0014084507042253472
334	0.0014084507042253472
335	0.0014084507042253472
336	0.0014084507042253472
337	0.0014084507042253472
338	0.0014084507042253472
339	0.0014084507042253472
340	0.0014084507042253472
341	0.0014084507042253472
342	0.0014084507042253472
343	0.0014084507042253472
344	0.0014084507042253472
345	0.0014084507042253472
346	0.0014084507042253472
347	0.0014084507042253472
348	0.0014084507042253472
349	0.0014084507042253472
350	0.0014084507042253472
351	0.0014084507042253472
352	0.0014084507042253472
353	0.0014084507042253472
354	0.0014084507042253472
355	0.0014084507042253472
356	0.0014084507042253472
357	0.0014084507042253472
358	0.0014084507042253472
359	0.0014084507042253472
360	0.0014084507042253472
361	0.0014084507042253472
362	0.0014084507042253472
363	0.0014084507042253472
364	0.0014084507042253472
365	0.0014084507042253472
366	0.0014084507042253472
367	0.0014084507042253472
368	0.0014084507042253472
369	0.0014084507042253472
370	0.0014084507042253472
371	0.0014084507042253472
372	0.0014084507042253472
373	0.0014084507042253472
374	0.0014084507042253472
375	0.0014084507042253472
376	0.0014084507042253472
377	0.0014084507042253472
378	0.0014084507042253472
379	0.0014084507042253472
380	0.0014084507042253472
381	0.0014084507042253472
382	0.0014084507042253472
383	0.0014084507042253472
384	0.0014084507042253472
385	0.0014084507042253472
386	0.0014084507042253472
387	0.0014084507042253472
388	0.0014084507042253472
389	0.0014084507042253472
390	0.0014084507042253472
391	0.0014084507042253472
392	0.0014084507042253472
393	0.0014084507042253472
394	0.0014084507042253472
395	0.0014084507042253472
396	0.0014084507042253472
397	0.0014084507042253472
398	0.0014084507042253472
399	0.0014084507042253472
400	0.0014084507042253472
401	0.0014084507042253472
402	0.0014084507042253472
403	0.0014084507042253472
404	0.0014084507042253472
405	0.0014084507042253472
406	0.0014084507042253472
407	0.0014084507042253472
408	0.0014084507042253472
409	0.0014084507042253472
410	0.0014084507042253472
411	0.0014084507042253472
412	0.0014084507042253472
413	0.0014084507042253472
414	0.0014084507042253472
415	0.0014084507042253472
416	0.0014084507042253472
417	0.0014084507042253472
418	0.0014084507042253472
419	0.0014084507042253472
420	0.0014084507042253472
421	0.0014084507042253472
422	0.0014084507042253472
423	0.0014084507042253472
424	0.0014084507042253472
425	0.0014084507042253472
426	0.0014084507042253472
427	0.0014084507042253472
428	0.0014084507042253472
429	0.0014084507042253472
430	0.0014084507042253472
431	0.0014084507042253472
432	0.0014084507042253472
433	0.0014084507042253472
434	0.0014084507042253472
435	0.0014084507042253472
436	0.0014084507042253472
437	0.0014084507042253472
438	0.0014084507042253472
439	0.0014084507042253472
440	0.0014084507042253472
441	0.0014084507042253472
442	0.0014084507042253472
443	0.0014084507042253472
444	0.0014084507042253472
445	0.0014084507042253472
446	0.0014084507042253472
447	0.0014084507042253472
448	0.0014084507042253472
449	0.0014084507042253472
450	0.0014084507042253472
451	0.0014084507042253472
452	0.0014084507042253472
453	0.0014084507042253472
454	0.0014084507042253472
455	0.0014084507042253472
456	0.0014084507042253472
457	0.0014084507042253472
458	0.0014084507042253472
459	0.0014084507042253472
460	0.0014084507042253472
461	0.0014084507042253472
462	0.0014084507042253472
463	0.0014084507042253472
464	0.0014084507042253472
465	0.0014084507042253472
466	0.0014084507042253472
467	0.0014084507042253472
468	0.0014084507042253472
469	0.0014084507042253472
470	0.0014084507042253472
471	0.0014084507042253472
472	0.0014084507042253472
473	0.0014084507042253472
474	0.0014084507042253472
475	0.0014084507042253472
476	0.0014084507042253472
477	0.0014084507042253472
478	0.0014084507042253472
479	0.0014084507042253472
480	0.0014084507042253472
481	0.0014084507042253472
482	0.0014084507042253472
483	0.0014084507042253472
484	0.0014084507042253472
485	0.0014084507042253472
486	0.0014084507042253472
487	0.0014084507042253472
488	0.0014084507042253472
489	0.0014084507042253472
490	0.0014084507042253472
491	0.0014084507042253472
492	0.0014084507042253472
493	0.0014084507042253472
494	0.0014084507042253472
495	0.0014084507042253472
496	0.0014084507042253472
497	0.0014084507042253472
498	0.0014084507042253472
499	0.0014084507042253472
500	0.0014084507042253472
501	0.0014084507042253472
502	0.0014084507042253472
503	0.0014084507042253472
504	0.0014084507042253472
505	0.0014084507042253472
506	0.0014084507042253472
507	0.0014084507042253472
508	0.0014084507042253472
509	0.0014084507042253472
510	0.0014084507042253472
511	0.0014084507042253472
512	0.0014084507042253472
513	0.0014084507042253472
514	0.0014084507042253472
515	0.0014084507042253472
516	0.0014084507042253472
517	0.0014084507042253472
518	0.0014084507042253472
519	0.0014084507042253472
520	0.0014084507042253472
521	0.0014084507042253472
522	0.0014084507042253472
523	0.0014084507042253472
524	0.0014084507042253472
525	0.0014084507042253472
526	0.0014084507042253472
527	0.0014084507042253472
528	0.0014084507042253472
529	0.0014084507042253472
530	0.0014084507042253472
531	0.0014084507042253472
532	0.0014084507042253472
533	0.0014084507042253472
534	0.0014084507042253472
535	0.0014084507042253472
536	0.0014084507042253472
537	0.0014084507042253472
538	0.0014084507042253472
539	0.0014084507042253472
540	0.0014084507042253472
541	0.0014084507042253472
542	0.0014084507042253472
543	0.0014084507042253472
544	0.0014084507042253472
545	0.0014084507042253472
546	0.0014084507042253472
547	0.0014084507042253472
548	0.0014084507042253472
549	0.0014084507042253472
550	0.0014084507042253472
551	0.0014084507042253472
552	0.0014084507042253472
553	0.0014084507042253472
554	0.0014084507042253472
555	0.0014084507042253472
556	0.0014084507042253472
557	0.0014084507042253472
558	0.0014084507042253472
559	0.0014084507042253472
560	0.0014084507042253472
561	0.0014084507042253472
562	0.0014084507042253472
563	0.0014084507042253472
564	0.0014084507042253472
565	0.0014084507042253472
566	0.0014084507042253472
567	0.0014084507042253472
568	0.0014084507042253472
569	0.0014084507042253472
570	0.0014084507042253472
571	0.0014084507042253472
572	0.0014084507042253472
573	0.0014084507042253472
574	0.0014084507042253472
575	0.0014084507042253472
576	0.0014084507042253472
577	0.0014084507042253472
578	0.0014084507042253472
579	0.0014084507042253472
580	0.0014084507042253472
581	0.0014084507042253472
582	0.0014084507042253472
583	0.0014084507042253472
584	0.0014084507042253472
585	0.0014084507042253472
586	0.0014084507042253472
587	0.0014084507042253472
588	0.0014084507042253472
589	0.0014084507042253472
590	0.0014084507042253472
591	0.0014084507042253472
592	0.0014084507042253472
593	0.0014084507042253472
594	0.0014084507042253472
595	0.0014084507042253472
596	0.0014084507042253472
597	0.0014084507042253472
598	0.0014084507042253472
599	0.0014084507042253472
600	0.0014084507042253472
601	0.0014084507042253472
602	0.0014084507042253472
603	0.0014084507042253472
604	0.0014084507042253472
605	0.0014084507042253472
606	0.0014084507042253472
607	0.0014084507042253472
608	0.0014084507042253472
609	0.0014084507042253472
610	0.0014084507042253472
611	0.0014084507042253472
612	0.0014084507042253472
613	0.0014084507042253472
614	0.0014084507042253472
615	0.0014084507042253472
616	0.0014084507042253472
617	0.0014084507042253472
618	0.0014084507042253472
619	0.0014084507042253472
620	0.0014084507042253472
621	0.0014084507042253472
622	0.0014084507042253472
623	0.0014084507042253472
624	0.0014084507042253472
625	0.0014084507042253472
626	0.0014084507042253472
627	0.0014084507042253472
628	0.0014084507042253472
629	0.0014084507042253472
630	0.0014084507042253472
631	0.0014084507042253472
632	0.0014084507042253472
633	0.0014084507042253472
634	0.0014084507042253472
635	0.0014084507042253472
636	0.0014084507042253472
637	0.0014084507042253472
638	0.0014084507042253472
639	0.0014084507042253472
640	0.0014084507042253472
641	0.0014084507042253472
642	0.0014084507042253472
643	0.0014084507042253472
644	0.0014084507042253472
645	0.0014084507042253472
646	0.0014084507042253472
647	0.0014084507042253472
648	0.0014084507042253472
649	0.0014084507042253472
650	0.0014084507042253472
651	0.0014084507042253472
652	0.0014084507042253472
653	0.0014084507042253472
654	0.0014084507042253472
655	0.0014084507042253472
656	0.0014084507042253472
657	0.0014084507042253472
658	0.0014084507042253472
659	0.0014084507042253472
660	0.0014084507042253472
661	0.0014084507042253472
662	0.0014084507042253472
663	0.0014084507042253472
664	0.0014084507042253472
665	0.0014084507042253472
666	0.0014084507042253472
667	0.0014084507042253472
668	0.0014084507042253472
669	0.0014084507042253472
670	0.0014084507042253472
671	0.0014084507042253472
672	0.0014084507042253472
673	0.0014084507042253472
674	0.0014084507042253472
675	0.0014084507042253472
676	0.0014084507042253472
677	0.0014084507042253472
678	0.0014084507042253472
679	0.0014084507042253472
680	0.0014084507042253472
681	0.0014084507042253472
682	0.0014084507042253472
683	0.0014084507042253472
684	0.0014084507042253472
685	0.0014084507042253472
686	0.0014084507042253472
687	0.0014084507042253472
688	0.0014084507042253472
689	0.0014084507042253472
690	0.0014084507042253472
691	0.0014084507042253472
692	0.0014084507042253472
693	0.0014084507042253472
694	0.0014084507042253472
695	0.0014084507042253472
696	0.0014084507042253472
697	0.0014084507042253472
698	0.0014084507042253472
699	0.0014084507042253472
700	0.0014084507042253472
701	0.0014084507042253472
702	0.0014084507042253472
703	0.0014084507042253472
704	0.0014084507042253472
705	0.0014084507042253472
706	0.0014084507042253472
707	0.0014084507042253472
708	0.0014084507042253472
709	0.0014084507042253472
710	0.0014084507042253472
