1	8.129361550243686e-12
2	1.8556957728267653e-13
3	8.331453365748032e-12
4	3.8270238757534547e-13
5	3.826913287131861e-13
6	8.547509488393557e-12
7	5.932042509114444e-13
8	5.93747381989751e-13
9	5.935782464508432e-13
10	8.780936698246644e-12
11	8.214816088654431e-13
12	8.21332151595966e-13
13	8.214730978783891e-13
14	8.214732605087149e-13
15	9.035697754247729e-12
16	1.0701212051905662e-12
17	1.070607036184057e-12
18	1.0696542393148767e-12
19	1.0702577062440821e-12
20	1.0702012193108956e-12
21	9.321760811170643e-12
22	1.3487653919078135e-12
23	1.3495015651829312e-12
24	1.3492065537717979e-12
25	1.3492267199322061e-12
26	1.3491724014033646e-12
27	1.349064848547854e-12
28	9.663236140086684e-12
29	1.6816716205333981e-12
30	1.6806337137936778e-12
31	1.6808527226325198e-12
32	1.6804127533909252e-12
33	1.6810380127837976e-12
34	1.6808592278455547e-12
35	1.6810972102224153e-12
36	1.0104566705929074e-11
37	2.108004634564231e-12
38	2.107473267079496e-12
39	2.107786493087127e-12
40	2.1066891720683545e-12
41	2.1077496302132626e-12
42	2.1079907567764233e-12
43	2.1075987092708526e-12
44	2.107860977776377e-12
45	1.0701953212510773e-11
46	2.6846849396355843e-12
47	2.684628127441746e-12
48	2.68357428293009e-12
49	2.6838090127004333e-12
50	2.68439469871401e-12
51	2.6843700873246945e-12
52	2.6842025780890455e-12
53	2.684150861645418e-12
54	2.6841475006186832e-12
55	1.149882207680808e-11
56	3.4546330639900757e-12
57	3.4546246072131304e-12
58	3.4543825048680143e-12
59	3.454372747048462e-12
60	3.4543689523408583e-12
61	3.4541619781461308e-12
62	3.45442207824731e-12
63	3.4546172346383575e-12
64	3.45455684457735e-12
65	3.454278529879673e-12
66	1.2510235035401163e-11
67	4.4356638587844666e-12
68	4.436517776415516e-12
69	4.435650523097745e-12
70	4.43485276713923e-12
71	4.436384961649387e-12
72	4.4357375845321956e-12
73	4.435636103208851e-12
74	4.435334152903814e-12
75	4.435826814370991e-12
76	4.435549475455269e-12
77	4.435614202324967e-12
78	1.3715571213490652e-11
79	5.61121852107882e-12
80	5.609570859037294e-12
81	5.611180682423e-12
82	5.609907286971416e-12
83	5.610421849322478e-12
84	5.610603453186369e-12
85	5.61052105382126e-12
86	5.6103144048871845e-12
87	5.6103105017593635e-12
88	5.610713174446225e-12
89	5.610526908512992e-12
90	5.610469662638284e-12
91	1.5065886038723164e-11
92	6.9331957709695136e-12
93	6.932829527475648e-12
94	6.93269703797017e-12
95	6.934243652369221e-12
96	6.9322709465163834e-12
97	6.933299203856769e-12
98	6.933300613319593e-12
99	6.93279201408048e-12
100	6.93354857035644e-12
101	6.9328232391030475e-12
102	6.933073039283588e-12
103	6.933076833991192e-12
104	6.933233609625333e-12
105	1.649224441908903e-11
106	8.337105853774285e-12
107	8.336309615698811e-12
108	8.336486123812492e-12
109	8.337299275441856e-12
110	8.3374409806658e-12
111	8.336733430328036e-12
112	8.337107263237109e-12
113	8.33685464413092e-12
114	8.337708019660883e-12
115	8.336115543509937e-12
116	8.33759547947538e-12
117	8.336777882617108e-12
118	8.336936067714074e-12
119	8.33723487383281e-12
120	1.7919999902374362e-11
121	9.748211135876539e-12
122	9.749754497669072e-12
123	9.749190929379814e-12
124	9.748949260715567e-12
125	9.748205064344373e-12
126	9.749572243283877e-12
127	9.748593208722123e-12
128	9.750015248291555e-12
129	9.748859380355468e-12
130	9.74943064648015e-12
131	9.749300542219452e-12
132	9.74877773993188e-12
133	9.748904916846712e-12
134	9.749577772714957e-12
135	9.748905675788233e-12
136	1.9277008374979365e-11
137	1.1096778660887874e-11
138	1.1098797011652173e-11
139	1.1098182269020374e-11
140	1.1097881402917509e-11
141	1.1098050213195765e-11
142	1.1098389568475753e-11
143	1.1097710641075342e-11
144	1.1097772874280043e-11
145	1.1098595241627873e-11
146	1.1097682560239075e-11
147	1.1097252890918119e-11
148	1.1098463077383047e-11
149	1.1098249164294416e-11
150	1.1098387942172494e-11
151	1.1097719856793808e-11
152	1.1097827626489754e-11
153	2.049857007226097e-11
154	1.2319117622706932e-11
155	1.2318239202106784e-11
156	1.2318758968628274e-11
157	1.231875755916545e-11
158	1.2319172049655991e-11
159	1.2317735915458317e-11
160	1.2319286541405405e-11
161	1.2318534972459438e-11
162	1.2318688387066845e-11
163	1.2318550368130288e-11
164	1.2318071259190266e-11
165	1.2318721780493758e-11
166	1.2318878014026813e-11
167	1.2318284738598029e-11
168	1.231915708766601e-11
169	1.231840096507092e-11
170	1.2318751596053501e-11
171	2.153431599705158e-11
172	1.3360125397481049e-11
173	1.336108014591414e-11
174	1.3359851202751627e-11
175	1.3360453260218008e-11
176	1.3360343105277284e-11
177	1.3359309318505819e-11
178	1.3360837609888154e-11
179	1.336108014591414e-11
180	1.3359301837510829e-11
181	1.3360299411929732e-11
182	1.3360384521800273e-11
183	1.3360458789649088e-11
184	1.336010642394303e-11
185	1.335996536924039e-11
186	1.3360238696608073e-11
187	1.336013754054538e-11
188	1.3360379751310714e-11
189	1.3360342996857066e-11
190	2.2345168467288734e-11
191	1.4181768823520735e-11
192	1.418191562449489e-11
193	1.4182927076701601e-11
194	1.418244363095289e-11
195	1.4182735823438375e-11
196	1.4182127152338742e-11
197	1.4183548649807087e-11
198	1.4182740485507717e-11
199	1.4182276230137458e-11
200	1.4182235030454904e-11
201	1.4182831450069988e-11
202	1.4182628487423299e-11
203	1.4182842725772582e-11
204	1.4181703120869082e-11
205	1.4182652556711528e-11
206	1.4182919812547046e-11
207	1.4182356894779091e-11
208	1.4182666976600422e-11
209	1.4182556496399046e-11
210	2.2906451475207534e-11
211	1.4759028417812847e-11
212	1.4758400014233675e-11
213	1.476147849788223e-11
214	1.476003748477478e-11
215	1.4760198814058045e-11
216	1.4758852777060905e-11
217	1.4759437053611657e-11
218	1.475937709723152e-11
219	1.4760119667299454e-11
220	1.4759773156285128e-11
221	1.4758811685798567e-11
222	1.4760087032814062e-11
223	1.4759900983721264e-11
224	1.4759971565282692e-11
225	1.4759598816575792e-11
226	1.4759440956739478e-11
227	1.4759806658132257e-11
228	1.475968089068025e-11
229	1.4759762747944272e-11
230	1.475967059075961e-11
231	2.320491195029195e-11
232	1.5078426246310783e-11
233	1.507539145600978e-11
234	1.5076904351721265e-11
235	1.507902450906956e-11
236	1.507660706348557e-11
237	1.5076579199489737e-11
238	1.5078251256080144e-11
239	1.507727026995448e-11
240	1.507829202208183e-11
241	1.507659990775123e-11
242	1.5076415376541474e-11
243	1.5077437453929476e-11
244	1.5077629682974658e-11
245	1.5076916711626032e-11
246	1.5077508469171774e-11
247	1.507772259910084e-11
248	1.50772867498275e-11
249	1.507727460676317e-11
250	1.50773489830322e-11
251	1.5077127914209232e-11
252	1.5077420648795803e-11
253	2.323645269253216e-11
254	1.513122721737148e-11
255	1.51299827701179e-11
256	1.5130231702936703e-11
257	1.5129608503527958e-11
258	1.5130406910007776e-11
259	1.512971724900586e-11
260	1.5130777273469898e-11
261	1.5129533368317405e-11
262	1.5130265096363615e-11
263	1.5130082299877334e-11
264	1.512953163359393e-11
265	1.5130483779941806e-11
266	1.5129987323767025e-11
267	1.5129812225116168e-11
268	1.513055490360432e-11
269	1.5129554184999117e-11
270	1.5130281684656854e-11
271	1.513003795600848e-11
272	1.5129911538035168e-11
273	1.5130186816966762e-11
274	1.5130289924593365e-11
275	1.5129782517976642e-11
276	2.3005946106491315e-11
277	1.4922198242686702e-11
278	1.492325241245901e-11
279	1.4921722494773415e-11
280	1.4922071499452738e-11
281	1.4921908110185345e-11
282	1.4920612922270093e-11
283	1.4923707668951236e-11
284	1.4921520616328898e-11
285	1.4922918044509015e-11
286	1.4922327262745227e-11
287	1.4920725137194946e-11
288	1.492164150487113e-11
289	1.4922700445132997e-11
290	1.492167305515435e-11
291	1.4921793835276365e-11
292	1.4922189894329974e-11
293	1.4922474063719382e-11
294	1.4922016855663245e-11
295	1.492161190615182e-11
296	1.4921594558917062e-11
297	1.492208526882033e-11
298	1.492190518283948e-11
299	1.4922046888063423e-11
300	2.2522838195176975e-11
301	1.4461670359497414e-11
302	1.4461408958353628e-11
303	1.4461812281561792e-11
304	1.4460879434012586e-11
305	1.446183916977567e-11
306	1.446017394365895e-11
307	1.4462442311444224e-11
308	1.4461898150373853e-11
309	1.4461126090006826e-11
310	1.4462002450622846e-11
311	1.4461594031664471e-11
312	1.4461089010292527e-11
313	1.4460871194076075e-11
314	1.446263042052115e-11
315	1.4460342537096771e-11
316	1.4461553590923437e-11
317	1.4461867359032154e-11
318	1.4461028403391085e-11
319	1.4462158792576119e-11
320	1.4461034583343468e-11
321	1.4461511198618493e-11
322	1.4461837651892628e-11
323	1.446126269948056e-11
324	1.4461545134146492e-11
325	2.1803283137278306e-11
326	1.3763430824730027e-11
327	1.3764618351369551e-11
328	1.3764217521826383e-11
329	1.376407538292157e-11
330	1.376372746244442e-11
331	1.3765009856774035e-11
332	1.3763589985608948e-11
333	1.376430078855323e-11
334	1.3764052289415296e-11
335	1.3763801838713452e-11
336	1.376411875100847e-11
337	1.376470823172965e-11
338	1.3763973034236487e-11
339	1.3763988213066902e-11
340	1.3764811989877557e-11
341	1.3764180008431215e-11
342	1.3763863096136197e-11
343	1.3764435771723704e-11
344	1.3763731582412675e-11
345	1.3764102704816317e-11
346	1.3764270647732835e-11
347	1.376410964371022e-11
348	1.3764364322800537e-11
349	1.3763931509293281e-11
350	1.3764259263610024e-11
351	2.086465288736461e-11
352	1.2846808035774093e-11
353	1.284656224714159e-11
354	1.284697326818518e-11
355	1.2846298460753025e-11
356	1.28482098007629e-11
357	1.2845996185187336e-11
358	1.2847308503496913e-11
359	1.2846074356163972e-11
360	1.2846960366179327e-11
361	1.2846311362758878e-11
362	1.2846599110015455e-11
363	1.2847548003756815e-11
364	1.2847297010953884e-11
365	1.2845519461492094e-11
366	1.2846587617472427e-11
367	1.28471632204058e-11
368	1.2846631202399761e-11
369	1.2847236404052442e-11
370	1.2846353646643605e-11
371	1.2846289353454776e-11
372	1.2846999505877754e-11
373	1.2846436804950234e-11
374	1.2846923828566115e-11
375	1.2846448189073045e-11
376	1.2846611795180873e-11
377	1.2846848042834258e-11
378	1.9726074940162874e-11
379	1.1726798893919865e-11
380	1.172773499407559e-11
381	1.1728449916988126e-11
382	1.1727596107777294e-11
383	1.1727055307733658e-11
384	1.1728351471430865e-11
385	1.1727978722723964e-11
386	1.1728235244957974e-11
387	1.1727915730577743e-11
388	1.1726488812098534e-11
389	1.1728763142995757e-11
390	1.1727896323358855e-11
391	1.172750091482655e-11
392	1.1728364481856934e-11
393	1.1727244175752105e-11
394	1.1728085191377302e-11
395	1.1727901202268631e-11
396	1.1728286961401602e-11
397	1.1727549270243443e-11
398	1.1727678398722186e-11
399	1.1727828560723075e-11
400	1.172814005200723e-11
401	1.1727733259352113e-11
402	1.1728093214473378e-11
403	1.1728016669800001e-11
404	1.1727639692704628e-11
405	1.1727758412842515e-11
406	1.8409271069358413e-11
407	1.0428090357374187e-11
408	1.0429467294133243e-11
409	1.042794637532568e-11
410	1.0429060935158996e-11
411	1.0429344996128187e-11
412	1.0430409032140264e-11
413	1.0428121907657406e-11
414	1.0429768702337194e-11
415	1.0428905243727027e-11
416	1.0428306330446946e-11
417	1.0429249044235922e-11
418	1.0428868706113814e-11
419	1.0429742247804186e-11
420	1.0428831084298429e-11
421	1.0428478935432806e-11
422	1.0428668237132122e-11
423	1.0429579617478313e-11
424	1.042929327968456e-11
425	1.042891142367941e-11
426	1.0429093244383736e-11
427	1.042915688705126e-11
428	1.0428821001218225e-11
429	1.0429083811824835e-11
430	1.0428855804107962e-11
431	1.0429138889295198e-11
432	1.0428934842446336e-11
433	1.0429089991777218e-11
434	1.042937361906554e-11
435	1.6934411772168145e-11
436	8.969841796407918e-12
437	8.970120978467333e-12
438	8.969790296804725e-12
439	8.970132687850796e-12
440	8.970673271053997e-12
441	8.970091054487372e-12
442	8.970548045703075e-12
443	8.969891127606766e-12
444	8.970322314810764e-12
445	8.970074249353699e-12
446	8.969706379556575e-12
447	8.97060301475322e-12
448	8.970022424489854e-12
449	8.970267454180836e-12
450	8.969837242758794e-12
451	8.970447973842555e-12
452	8.969637315878187e-12
453	8.970246312238472e-12
454	8.970471067348829e-12
455	8.970259756345411e-12
456	8.970038470682007e-12
457	8.970590871688888e-12
458	8.969930158884976e-12
459	8.97007023780566e-12
460	8.970444504395603e-12
461	8.970119785844943e-12
462	8.97020663043896e-12
463	8.970489824046413e-12
464	8.97011675007886e-12
465	1.5322380950838488e-11
466	7.37177799272487e-12
467	7.372809285831339e-12
468	7.371936719922922e-12
469	7.371838816466747e-12
470	7.372817851028501e-12
471	7.37160462879749e-12
472	7.372442608656604e-12
473	7.372381242813641e-12
474	7.37206801680601e-12
475	7.371706652221921e-12
476	7.37179100315094e-12
477	7.372815899464591e-12
478	7.372059451608848e-12
479	7.371797399943758e-12
480	7.372172967576307e-12
481	7.371558333364725e-12
482	7.372821754156322e-12
483	7.372215901982337e-12
484	7.371476801361354e-12
485	7.372934077501392e-12
486	7.371582836333823e-12
487	7.372348716748467e-12
488	7.371789702108333e-12
489	7.372173943358262e-12
490	7.372431116113576e-12
491	7.371777884304653e-12
492	7.37213740574505e-12
493	7.372140766771784e-12
494	7.371902675974706e-12
495	7.3723174917259e-12
496	1.3592779245924502e-11
497	5.654535975736785e-12
498	5.653978912660562e-12
499	5.65359087670303e-12
500	5.655651402931838e-12
501	5.654221665526982e-12
502	5.6545177611402875e-12
503	5.654402293608918e-12
504	5.653828316978804e-12
505	5.654493908692493e-12
506	5.654552455609807e-12
507	5.653842736867698e-12
508	5.654618591942329e-12
509	5.65445108270668e-12
510	5.654865356356786e-12
511	5.654393511571321e-12
512	5.654284223992334e-12
513	5.654652635890545e-12
514	5.653655061471641e-12
515	5.654716603818721e-12
516	5.654316424796857e-12
517	5.654345589835297e-12
518	5.654817217780328e-12
519	5.654059685722412e-12
520	5.654191633126804e-12
521	5.654336699377482e-12
522	5.654602654170393e-12
523	5.654446854318207e-12
524	5.654130050443407e-12
525	5.654537927300696e-12
526	5.654374429613085e-12
527	5.6543433130107346e-12
528	1.1764430141864013e-11
529	3.835307939292765e-12
530	3.836531569864632e-12
531	3.8358239111066506e-12
532	3.836010935981404e-12
533	3.835495506268605e-12
534	3.8360205853807394e-12
535	3.835753763226091e-12
536	3.835789541897783e-12
537	3.835831608942075e-12
538	3.8362330890065466e-12
539	3.835735982310462e-12
540	3.83552998389769e-12
541	3.8359748320490605e-12
542	3.835955750090825e-12
543	3.835114300784759e-12
544	3.8359743983681915e-12
545	3.836192539845296e-12
546	3.835686434271179e-12
547	3.835858063475084e-12
548	3.835632115742338e-12
549	3.835857629794215e-12
550	3.835525863929434e-12
551	3.8360826017450056e-12
552	3.83575300428457e-12
553	3.835735223368941e-12
554	3.835670388079027e-12
555	3.8358705318000674e-12
556	3.835718092974616e-12
557	3.8355847361074e-12
558	3.835873459145933e-12
559	3.83589958841829e-12
560	3.8356939152661695e-12
561	9.854549034432614e-12
562	1.9334182692343216e-12
563	1.9340013531626843e-12
564	1.9330115849994223e-12
565	1.93372293004479e-12
566	1.9338945592486945e-12
567	1.9336433496053296e-12
568	1.9334854897690157e-12
569	1.933082166560851e-12
570	1.933455565789055e-12
571	1.934555272052607e-12
572	1.9332777566327675e-12
573	1.933582092182584e-12
574	1.933961888203606e-12
575	1.933252169461497e-12
576	1.9340293255787344e-12
577	1.932884516504807e-12
578	1.9340999071401632e-12
579	1.9331429903027275e-12
580	1.9334919949820506e-12
581	1.9337505772001884e-12
582	1.933810967261196e-12
583	1.9337200026989243e-12
584	1.933042376341121e-12
585	1.933937927335594e-12
586	1.9335683228149936e-12
587	1.9334619625818728e-12
588	1.9334514458207996e-12
589	1.933840240719853e-12
590	1.933607245672986e-12
591	1.9335618176019587e-12
592	1.933420546058884e-12
593	1.9337078596345925e-12
594	1.9337029807248163e-12
595	7.879758911338852e-12
596	3.601459408475449e-14
597	3.5502742239124085e-14
598	3.5261181995094315e-14
599	3.5683912422146413e-14
600	3.557874481141532e-14
601	3.520393612038708e-14
602	3.5415463964239e-14
603	3.5712318519065533e-14
604	3.4949257030070235e-14
605	3.5703861742120147e-14
606	3.52026350777801e-14
607	3.560801827007243e-14
608	3.5525944165615275e-14
609	3.574397722250211e-14
610	3.5335883524778566e-14
611	3.557429958250813e-14
612	3.5121428335060934e-14
613	3.578604426679455e-14
614	3.514690708611434e-14
615	3.560942773289666e-14
616	3.538337157993343e-14
617	3.533425722151984e-14
618	3.566840833107987e-14
619	3.52546767820594e-14
620	3.555315764014466e-14
621	3.558600896597097e-14
622	3.5525944165615275e-14
623	3.5359302291704253e-14
624	3.536840958995313e-14
625	3.549059917479225e-14
626	3.555120607623419e-14
627	3.544788160919632e-14
628	3.53895515323166e-14
629	3.545688048722795e-14
630	5.854770227659012e-12
631	2.0570719606871624e-12
632	2.0562271503543617e-12
633	2.0569598541825274e-12
634	2.056450712842328e-12
635	2.056522161765495e-12
636	2.0561987442574425e-12
637	2.056859890742224e-12
638	2.05671070452329e-12
639	2.0562157662315506e-12
640	2.0565912254438823e-12
641	2.0563470631146386e-12
642	2.057068382819993e-12
643	2.0560682063158753e-12
644	2.056805789053817e-12
645	2.0565940443695307e-12
646	2.0563661450728743e-12
647	2.0570400851432913e-12
648	2.0564770589551196e-12
649	2.0567122224063317e-12
650	2.056267374254961e-12
651	2.0567469168758512e-12
652	2.0568738769502493e-12
653	2.0563864196534998e-12
654	2.056361699843967e-12
655	2.056803078548386e-12
656	2.056622558886667e-12
657	2.0565777813369435e-12
658	2.0565607593628354e-12
659	2.0566481460579378e-12
660	2.0565105608022494e-12
661	2.0565502426017623e-12
662	2.0565907917630133e-12
663	2.0566209325834084e-12
664	2.0566981277780894e-12
665	2.0565372321756925e-12
666	3.793107754973546e-12
667	4.1157363975252714e-12
668	4.11621008545443e-12
669	4.1161011231360956e-12
670	4.1162511767167675e-12
671	4.1161190124719416e-12
672	4.116404916584826e-12
673	4.115774236181091e-12
674	4.115976223045825e-12
675	4.116387460929849e-12
676	4.1159575747684585e-12
677	4.1161206387752e-12
678	4.116193063480322e-12
679	4.1162873890693286e-12
680	4.115903581500269e-12
681	4.116385726206373e-12
682	4.116002677578834e-12
683	4.116241852578084e-12
684	4.116034878383357e-12
685	4.116321758278196e-12
686	4.116038239410091e-12
687	4.116219626433548e-12
688	4.116122265078459e-12
689	4.116263753461968e-12
690	4.116104375742613e-12
691	4.115974705162784e-12
692	4.116341816018387e-12
693	4.1161979423900985e-12
694	4.116167042628183e-12
695	4.115937625448485e-12
696	4.116226348487018e-12
697	4.115930361293929e-12
698	4.116262994520448e-12
699	4.1161970750283605e-12
700	4.116088546390895e-12
701	4.1160265300266285e-12
702	4.116224613763542e-12
703	1.707132265410527e-12
704	6.201278097799079e-12
705	6.201562375608705e-12
706	6.2012657378943126e-12
707	6.201541233666341e-12
708	6.201864759594611e-12
709	6.20175286993041e-12
710	6.201225839254365e-12
711	6.201673397911167e-12
712	6.201488324600324e-12
713	6.201715790216111e-12
714	6.201519658043109e-12
715	6.201586878577803e-12
716	6.201546871517638e-12
717	6.201301191305353e-12
718	6.201615718355591e-12
719	6.201898478282175e-12
720	6.201521718027236e-12
721	6.201610839445815e-12
722	6.201468266860133e-12
723	6.20177889078255e-12
724	6.201416333576071e-12
725	6.20161929622276e-12
726	6.201489734063148e-12
727	6.201546871517638e-12
728	6.201661688527704e-12
729	6.201452979609501e-12
730	6.2016316561275264e-12
731	6.20167957786355e-12
732	6.201394324271969e-12
733	6.201549365182635e-12
734	6.201511092845946e-12
735	6.20178008340494e-12
736	6.201549365182635e-12
737	6.2015570630180594e-12
738	6.201548931501766e-12
739	6.201483445690548e-12
740	6.201609213142556e-12
741	3.9257399414571736e-13
742	8.302428623069291e-12
743	8.30220842160806e-12
744	8.302212541576315e-12
745	8.302247127625617e-12
746	8.302462450177073e-12
747	8.301921866973871e-12
748	8.302443042958185e-12
749	8.30203538294133e-12
750	8.3025110224344e-12
751	8.302279762111009e-12
752	8.301983232816834e-12
753	8.302263390658204e-12
754	8.30228171367492e-12
755	8.302060319591298e-12
756	8.302322371256388e-12
757	8.302216986805222e-12
758	8.302367257226329e-12
759	8.301961765613819e-12
760	8.302302530356631e-12
761	8.302440982974058e-12
762	8.30212482962056e-12
763	8.302194869080903e-12
764	8.302412251616487e-12
765	8.302280195791878e-12
766	8.302069210049112e-12
767	8.30210910868906e-12
768	8.302437296686671e-12
769	8.302100977172766e-12
770	8.302293206217948e-12
771	8.302289086249692e-12
772	8.30210791606667e-12
773	8.302226419364123e-12
774	8.302348934209614e-12
775	8.302233791938896e-12
776	8.302234225619765e-12
777	8.30215995777095e-12
778	8.30224148977432e-12
779	8.302168631388329e-12
780	2.4959530969814736e-12
781	1.0407681227259102e-11
782	1.0407933304264205e-11
783	1.0407936123189854e-11
784	1.0407686323009313e-11
785	1.0408138218474805e-11
786	1.0407789105375265e-11
787	1.0407993911165647e-11
788	1.0407806561030242e-11
789	1.0408031424560815e-11
790	1.0407780106497233e-11
791	1.0408056686471434e-11
792	1.040779756215221e-11
793	1.0407778046513105e-11
794	1.040800247636281e-11
795	1.0407961385100473e-11
796	1.0407765469767905e-11
797	1.0407941869461368e-11
798	1.0407947073631796e-11
799	1.0407728281633388e-11
800	1.0407905873949241e-11
801	1.0407786394869833e-11
802	1.0407896549810558e-11
803	1.0407961168260038e-11
804	1.0407841147079544e-11
805	1.0407814150445449e-11
806	1.0407881154139709e-11
807	1.0407985671229136e-11
808	1.0407836701850637e-11
809	1.0407915089667708e-11
810	1.040780699471111e-11
811	1.0407881154139709e-11
812	1.0407957373552434e-11
813	1.0407849278595838e-11
814	1.0407998464814772e-11
815	1.0407758205613349e-11
816	1.0407902729762941e-11
817	1.0407979708117188e-11
818	1.0407849712276707e-11
819	1.0407831389259992e-11
820	4.59468400826335e-12
821	1.2510410350892454e-11
822	1.251009170387396e-11
823	1.2509968646927383e-11
824	1.2510289462350221e-11
825	1.2509808076585638e-11
826	1.2510225494422045e-11
827	1.2510066008282472e-11
828	1.2509843529996678e-11
829	1.2510284149759576e-11
830	1.2510134529859773e-11
831	1.2510046058962498e-11
832	1.2509892427514657e-11
833	1.2510403520418767e-11
834	1.250994826392654e-11
835	1.2510072621915724e-11
836	1.2510109267949154e-11
837	1.251012759096587e-11
838	1.2510231132273342e-11
839	1.2509912485254848e-11
840	1.2510074248218983e-11
841	1.2510181801074494e-11
842	1.250999477619974e-11
843	1.2510192317835567e-11
844	1.2510122169955007e-11
845	1.251010232905525e-11
846	1.2510160225451261e-11
847	1.2510028169626652e-11
848	1.2510171392733638e-11
849	1.2510016243402755e-11
850	1.2510207496665982e-11
851	1.2510165104361037e-11
852	1.2510128458327607e-11
853	1.251012596466261e-11
854	1.2510086824964184e-11
855	1.251007793450637e-11
856	1.2510175946382762e-11
857	1.251005625046292e-11
858	1.2510108942688503e-11
859	1.2510113821598279e-11
860	1.2510108292167199e-11
861	6.681088841886673e-12
862	1.4600983399767897e-11
863	1.460117877299938e-11
864	1.4600902301445395e-11
865	1.4601134754391176e-11
866	1.4601120551342717e-11
867	1.4601172267786344e-11
868	1.4600881051082815e-11
869	1.4601207721197385e-11
870	1.4600946753734467e-11
871	1.460111762399685e-11
872	1.4601110359842295e-11
873	1.460102622575371e-11
874	1.460107230434604e-11
875	1.460113182704531e-11
876	1.4600923985488845e-11
877	1.4601184952951762e-11
878	1.460105929391997e-11
879	1.460100096384309e-11
880	1.4600970823022696e-11
881	1.46012449093319e-11
882	1.4601068292798003e-11
883	1.460100302382722e-11
884	1.4601088675798846e-11
885	1.46010959399534e-11
886	1.4601062763366923e-11
887	1.4600902301445395e-11
888	1.4601207287516516e-11
889	1.46011518847855e-11
890	1.460102817731762e-11
891	1.4601055282371933e-11
892	1.4601044657190643e-11
893	1.4601064606510616e-11
894	1.460109561469275e-11
895	1.46011298754814e-11
896	1.460104910241955e-11
897	1.4601036850935e-11
898	1.460110352936861e-11
899	1.4601020262641762e-11
900	1.4601150258482243e-11
901	1.4601077291676035e-11
902	1.4601118274518154e-11
903	8.748656313284364e-12
904	1.6673967653639543e-11
905	1.667431893514343e-11
906	1.6674033356291196e-11
907	1.6674321320388208e-11
908	1.6674049619323783e-11
909	1.6674205527596186e-11
910	1.6674186011957082e-11
911	1.667417625413753e-11
912	1.6674089626383948e-11
913	1.667408518115504e-11
914	1.667423610209745e-11
915	1.6674262665050676e-11
916	1.6674124754534336e-11
917	1.6674077049638747e-11
918	1.6674286734338906e-11
919	1.667408637377743e-11
920	1.667417625413753e-11
921	1.6674098733682197e-11
922	1.667421528541574e-11
923	1.6674089626383948e-11
924	1.6674231656868543e-11
925	1.6674098733682197e-11
926	1.6674193709792506e-11
927	1.6674172025749057e-11
928	1.6674193059271203e-11
929	1.667413570497628e-11
930	1.667411987562456e-11
931	1.6674132669210195e-11
932	1.6674182650930347e-11
933	1.6674152510109952e-11
934	1.6674142535449965e-11
935	1.667414307755105e-11
936	1.667416714683928e-11
937	1.6674105997836752e-11
938	1.6674191324547727e-11
939	1.6674151642748214e-11
940	1.667412226086934e-11
941	1.667419598661707e-11
942	1.6674125513475857e-11
943	1.66741647615945e-11
944	1.6674174085733184e-11
945	1.6674116948278694e-11
946	1.079169609577435e-11
947	1.8723486953572954e-11
948	1.872356165510264e-11
949	1.872351514282944e-11
950	1.8723610552620618e-11
951	1.872352533432986e-11
952	1.8723556776192862e-11
953	1.8723559920379163e-11
954	1.87235607877409e-11
955	1.8723557860395035e-11
956	1.872341301098479e-11
957	1.8723590928561296e-11
958	1.8723559920379163e-11
959	1.8723562088783507e-11
960	1.872358247178435e-11
961	1.8723485218849478e-11
962	1.8723556342511993e-11
963	1.872359548221042e-11
964	1.872348478516861e-11
965	1.872359428958803e-11
966	1.8723450632800176e-11
967	1.8723554607788517e-11
968	1.8723559161437642e-11
969	1.872356241404416e-11
970	1.8723509396557925e-11
971	1.872353910369745e-11
972	1.872349898821707e-11
973	1.8723547885735048e-11
974	1.8723516010191177e-11
975	1.872355178886287e-11
976	1.87235387784368e-11
977	1.8723476653652316e-11
978	1.872356479928894e-11
979	1.8723522406983995e-11
980	1.8723554282527866e-11
981	1.8723508529196187e-11
982	1.8723548102575482e-11
983	1.8723510914440966e-11
984	1.872352067226052e-11
985	1.8723526852212902e-11
986	1.872353791107506e-11
987	1.872352175646269e-11
988	1.872353595951115e-11
989	1.8723588543316516e-11
990	1.2805583416569677e-11
991	2.0744593000852907e-11
992	2.0744327371320648e-11
993	2.0744607529162018e-11
994	2.074441714326053e-11
995	2.0744341140688238e-11
996	2.0744590290347475e-11
997	2.0744460402927212e-11
998	2.0744325853437606e-11
999	2.0744587146161175e-11
1000	2.074446278817199e-11
1001	2.0744329756565427e-11
1002	2.0744557872702518e-11
1003	2.0744488266923045e-11
1004	2.074431739666066e-11
1005	2.0744542151771017e-11
1006	2.0744507999402584e-11
1007	2.0744345260656494e-11
1008	2.074449943420542e-11
1009	2.0744497591061728e-11
1010	2.0744382990892096e-11
1011	2.0744480894348272e-11
1012	2.0744492061630648e-11
1013	2.0744398711823597e-11
1014	2.0744482737491965e-11
1015	2.0744485773258048e-11
1016	2.0744409553845322e-11
1017	2.0744497591061728e-11
1018	2.0744459860826125e-11
1019	2.074445064510766e-11
1020	2.0744480894348272e-11
1021	2.074446007766656e-11
1022	2.074446365553373e-11
1023	2.0744469401805243e-11
1024	2.074445303035244e-11
1025	2.074449520581695e-11
1026	2.0744441320968976e-11
1027	2.074445303035244e-11
1028	2.074449314583282e-11
1029	2.074445259667157e-11
1030	2.0744466149198726e-11
1031	2.0744462571331557e-11
1032	2.0744464522895467e-11
1033	2.0744485122736744e-11
1034	2.0747895589090515e-11
1035	1.4785127983030222e-11
1036	2.2731692504891765e-11
1037	2.2731692504891765e-11
1038	2.2731692504891765e-11
1039	2.2731692504891765e-11
1040	2.2731692504891765e-11
1041	2.2731692504891765e-11
1042	2.2731692504891765e-11
1043	2.2731692504891765e-11
1044	2.2731692504891765e-11
1045	2.2731692504891765e-11
1046	2.2731692504891765e-11
1047	2.2731692504891765e-11
1048	2.2731692504891765e-11
1049	2.2731692504891765e-11
1050	2.2731692504891765e-11
1051	2.2731692504891765e-11
1052	2.2731692504891765e-11
1053	2.2731692504891765e-11
1054	2.2731692504891765e-11
1055	2.2731692504891765e-11
1056	2.2731692504891765e-11
1057	2.2731692504891765e-11
1058	2.2731692504891765e-11
1059	2.2731692504891765e-11
1060	2.2731692504891765e-11
1061	2.2731692504891765e-11
1062	2.2731692504891765e-11
1063	2.2731692504891765e-11
1064	2.2731692504891765e-11
1065	2.2731692504891765e-11
1066	2.2731692504891765e-11
1067	2.2731692504891765e-11
1068	2.2731692504891765e-11
1069	2.2731692504891765e-11
1070	2.2731692504891765e-11
1071	2.2731692504891765e-11
1072	2.2731692504891765e-11
1073	2.2731692504891765e-11
1074	2.2731692504891765e-11
1075	2.2731692504891765e-11
1076	2.2731692504891765e-11
1077	2.2731692504891765e-11
1078	2.2731692504891765e-11
1079	2.2731692504891765e-11
1080	2.2731692504891765e-11
