1035	0.0020325768955369162
990	0.0020313979307214573
946	0.0020301468402929134
903	0.002028818238495758
861	0.0020274062388774437
820	0.0020259043973987483
780	0.002024305647801453
741	0.0020226022279929844
703	0.002020785595976838
666	0.002018846333578069
630	0.0020167740358720578
595	0.0020145571838082097
561	0.002012182997007408
528	0.002009637263079554
496	0.0020069041390218326
465	0.002003965919278603
435	0.0020008027638144165
406	0.0019973923780002537
378	0.001993709634143794
351	0.0019897261219775767
325	0.0019854096121811994
300	0.0019807234128174957
276	0.0019756255930830544
253	0.0019700680415593256
231	0.0019639953165700016
210	0.0019573432334092675
190	0.0019500371158234645
171	0.0019419896153495897
153	0.0019330979692123863
136	0.0019232405213979629
120	0.0019122722661170566
105	0.0019000190787089146
91	0.0018862701613518832
78	0.001870768026184204
66	0.0018531950282196568
55	0.0018331549807709278
45	0.0018101476274954326
36	0.0017835325150144115
28	0.001752476758486769
21	0.0017158776613517778
15	0.0016722448508315535
10	0.001619514881058485
6	0.0015547484290464378
3	0.0014736131556842588
1	0.0013694516367006872
1036	0.0009373093605028124
1037	0.0009373093605028124
1038	0.0009373093605028124
1039	0.0009373093605028124
1040	0.0009373093605028124
1041	0.0009373093605028124
1042	0.0009373093605028124
1043	0.0009373093605028124
1044	0.0009373093605028124
1045	0.0009373093605028124
1046	0.0009373093605028124
1047	0.0009373093605028124
1048	0.0009373093605028124
1049	0.0009373093605028124
1050	0.0009373093605028124
1051	0.0009373093605028124
1052	0.0009373093605028124
1053	0.0009373093605028124
1054	0.0009373093605028124
1055	0.0009373093605028124
1056	0.0009373093605028124
1057	0.0009373093605028124
1058	0.0009373093605028124
1059	0.0009373093605028124
1060	0.0009373093605028124
1061	0.0009373093605028124
1062	0.0009373093605028124
1063	0.0009373093605028124
1064	0.0009373093605028124
1065	0.0009373093605028124
1066	0.0009373093605028124
1067	0.0009373093605028124
1068	0.0009373093605028124
1069	0.0009373093605028124
1070	0.0009373093605028124
1071	0.0009373093605028124
1072	0.0009373093605028124
1073	0.0009373093605028124
1074	0.0009373093605028124
1075	0.0009373093605028124
1076	0.0009373093605028124
1077	0.0009373093605028124
1078	0.0009373093605028124
1079	0.0009373093605028124
1080	0.0009373093605028124
991	0.0009361684674586021
992	0.0009361684674586021
993	0.0009361684674586021
994	0.0009361684674586021
995	0.0009361684674586021
996	0.0009361684674586021
997	0.0009361684674586021
998	0.0009361684674586021
999	0.0009361684674586021
1000	0.0009361684674586021
1001	0.0009361684674586021
1002	0.0009361684674586021
1003	0.0009361684674586021
1004	0.0009361684674586021
1005	0.0009361684674586021
1006	0.0009361684674586021
1007	0.0009361684674586021
1008	0.0009361684674586021
1009	0.0009361684674586021
1010	0.0009361684674586021
1011	0.0009361684674586021
1012	0.0009361684674586021
1013	0.0009361684674586021
1014	0.0009361684674586021
1015	0.0009361684674586021
1016	0.0009361684674586021
1017	0.0009361684674586021
1018	0.0009361684674586021
1019	0.0009361684674586021
1020	0.0009361684674586021
1021	0.0009361684674586021
1022	0.0009361684674586021
1023	0.0009361684674586021
1024	0.0009361684674586021
1025	0.0009361684674586021
1026	0.0009361684674586021
1027	0.0009361684674586021
1028	0.0009361684674586021
1029	0.0009361684674586021
1030	0.0009361684674586021
1031	0.0009361684674586021
1032	0.0009361684674586021
1033	0.0009361684674586021
1034	0.0009361684674586021
947	0.0009349475497546757
948	0.0009349475497546757
949	0.0009349475497546757
950	0.0009349475497546757
951	0.0009349475497546757
952	0.0009349475497546757
953	0.0009349475497546757
954	0.0009349475497546757
955	0.0009349475497546757
956	0.0009349475497546757
957	0.0009349475497546757
958	0.0009349475497546757
959	0.0009349475497546757
960	0.0009349475497546757
961	0.0009349475497546757
962	0.0009349475497546757
963	0.0009349475497546757
964	0.0009349475497546757
965	0.0009349475497546757
966	0.0009349475497546757
967	0.0009349475497546757
968	0.0009349475497546757
969	0.0009349475497546757
970	0.0009349475497546757
971	0.0009349475497546757
972	0.0009349475497546757
973	0.0009349475497546757
974	0.0009349475497546757
975	0.0009349475497546757
976	0.0009349475497546757
977	0.0009349475497546757
978	0.0009349475497546757
979	0.0009349475497546757
980	0.0009349475497546757
981	0.0009349475497546757
982	0.0009349475497546757
983	0.0009349475497546757
984	0.0009349475497546757
985	0.0009349475497546757
986	0.0009349475497546757
987	0.0009349475497546757
988	0.0009349475497546757
989	0.0009349475497546757
904	0.0009336403770374951
905	0.0009336403770374951
906	0.0009336403770374951
907	0.0009336403770374951
908	0.0009336403770374951
909	0.0009336403770374951
910	0.0009336403770374951
911	0.0009336403770374951
912	0.0009336403770374951
913	0.0009336403770374951
914	0.0009336403770374951
915	0.0009336403770374951
916	0.0009336403770374951
917	0.0009336403770374951
918	0.0009336403770374951
919	0.0009336403770374951
920	0.0009336403770374951
921	0.0009336403770374951
922	0.0009336403770374951
923	0.0009336403770374951
924	0.0009336403770374951
925	0.0009336403770374951
926	0.0009336403770374951
927	0.0009336403770374951
928	0.0009336403770374951
929	0.0009336403770374951
930	0.0009336403770374951
931	0.0009336403770374951
932	0.0009336403770374951
933	0.0009336403770374951
934	0.0009336403770374951
935	0.0009336403770374951
936	0.0009336403770374951
937	0.0009336403770374951
938	0.0009336403770374951
939	0.0009336403770374951
940	0.0009336403770374951
941	0.0009336403770374951
942	0.0009336403770374951
943	0.0009336403770374951
944	0.0009336403770374951
945	0.0009336403770374951
862	0.0009322401289879623
863	0.0009322401289879623
864	0.0009322401289879623
865	0.0009322401289879623
866	0.0009322401289879623
867	0.0009322401289879623
868	0.0009322401289879623
869	0.0009322401289879623
870	0.0009322401289879623
871	0.0009322401289879623
872	0.0009322401289879623
873	0.0009322401289879623
874	0.0009322401289879623
875	0.0009322401289879623
876	0.0009322401289879623
877	0.0009322401289879623
878	0.0009322401289879623
879	0.0009322401289879623
880	0.0009322401289879623
881	0.0009322401289879623
882	0.0009322401289879623
883	0.0009322401289879623
884	0.0009322401289879623
885	0.0009322401289879623
886	0.0009322401289879623
887	0.0009322401289879623
888	0.0009322401289879623
889	0.0009322401289879623
890	0.0009322401289879623
891	0.0009322401289879623
892	0.0009322401289879623
893	0.0009322401289879623
894	0.0009322401289879623
895	0.0009322401289879623
896	0.0009322401289879623
897	0.0009322401289879623
898	0.0009322401289879623
899	0.0009322401289879623
900	0.0009322401289879623
901	0.0009322401289879623
902	0.0009322401289879623
821	0.0009307393276609562
822	0.0009307393276609562
823	0.0009307393276609562
824	0.0009307393276609562
825	0.0009307393276609562
826	0.0009307393276609562
827	0.0009307393276609562
828	0.0009307393276609562
829	0.0009307393276609562
830	0.0009307393276609562
831	0.0009307393276609562
832	0.0009307393276609562
833	0.0009307393276609562
834	0.0009307393276609562
835	0.0009307393276609562
836	0.0009307393276609562
837	0.0009307393276609562
838	0.0009307393276609562
839	0.0009307393276609562
840	0.0009307393276609562
841	0.0009307393276609562
842	0.0009307393276609562
843	0.0009307393276609562
844	0.0009307393276609562
845	0.0009307393276609562
846	0.0009307393276609562
847	0.0009307393276609562
848	0.0009307393276609562
849	0.0009307393276609562
850	0.0009307393276609562
851	0.0009307393276609562
852	0.0009307393276609562
853	0.0009307393276609562
854	0.0009307393276609562
855	0.0009307393276609562
856	0.0009307393276609562
857	0.0009307393276609562
858	0.0009307393276609562
859	0.0009307393276609562
860	0.0009307393276609562
781	0.000929129760569754
782	0.000929129760569754
783	0.000929129760569754
784	0.000929129760569754
785	0.000929129760569754
786	0.000929129760569754
787	0.000929129760569754
788	0.000929129760569754
789	0.000929129760569754
790	0.000929129760569754
791	0.000929129760569754
792	0.000929129760569754
793	0.000929129760569754
794	0.000929129760569754
795	0.000929129760569754
796	0.000929129760569754
797	0.000929129760569754
798	0.000929129760569754
799	0.000929129760569754
800	0.000929129760569754
801	0.000929129760569754
802	0.000929129760569754
803	0.000929129760569754
804	0.000929129760569754
805	0.000929129760569754
806	0.000929129760569754
807	0.000929129760569754
808	0.000929129760569754
809	0.000929129760569754
810	0.000929129760569754
811	0.000929129760569754
812	0.000929129760569754
813	0.000929129760569754
814	0.000929129760569754
815	0.000929129760569754
816	0.000929129760569754
817	0.000929129760569754
818	0.000929129760569754
819	0.000929129760569754
742	0.0009274023930283476
743	0.0009274023930283476
744	0.0009274023930283476
745	0.0009274023930283476
746	0.0009274023930283476
747	0.0009274023930283476
748	0.0009274023930283476
749	0.0009274023930283476
750	0.0009274023930283476
751	0.0009274023930283476
752	0.0009274023930283476
753	0.0009274023930283476
754	0.0009274023930283476
755	0.0009274023930283476
756	0.0009274023930283476
757	0.0009274023930283476
758	0.0009274023930283476
759	0.0009274023930283476
760	0.0009274023930283476
761	0.0009274023930283476
762	0.0009274023930283476
763	0.0009274023930283476
764	0.0009274023930283476
765	0.0009274023930283476
766	0.0009274023930283476
767	0.0009274023930283476
768	0.0009274023930283476
769	0.0009274023930283476
770	0.0009274023930283476
771	0.0009274023930283476
772	0.0009274023930283476
773	0.0009274023930283476
774	0.0009274023930283476
775	0.0009274023930283476
776	0.0009274023930283476
777	0.0009274023930283476
778	0.0009274023930283476
779	0.0009274023930283476
704	0.0009255472679877957
705	0.0009255472679877957
706	0.0009255472679877957
707	0.0009255472679877957
708	0.0009255472679877957
709	0.0009255472679877957
710	0.0009255472679877957
711	0.0009255472679877957
712	0.0009255472679877957
713	0.0009255472679877957
714	0.0009255472679877957
715	0.0009255472679877957
716	0.0009255472679877957
717	0.0009255472679877957
718	0.0009255472679877957
719	0.0009255472679877957
720	0.0009255472679877957
721	0.0009255472679877957
722	0.0009255472679877957
723	0.0009255472679877957
724	0.0009255472679877957
725	0.0009255472679877957
726	0.0009255472679877957
727	0.0009255472679877957
728	0.0009255472679877957
729	0.0009255472679877957
730	0.0009255472679877957
731	0.0009255472679877957
732	0.0009255472679877957
733	0.0009255472679877957
734	0.0009255472679877957
735	0.0009255472679877957
736	0.0009255472679877957
737	0.0009255472679877957
738	0.0009255472679877957
739	0.0009255472679877957
740	0.0009255472679877957
667	0.000923553391266799
668	0.000923553391266799
669	0.000923553391266799
670	0.000923553391266799
671	0.000923553391266799
672	0.000923553391266799
673	0.000923553391266799
674	0.000923553391266799
675	0.000923553391266799
676	0.000923553391266799
677	0.000923553391266799
678	0.000923553391266799
679	0.000923553391266799
680	0.000923553391266799
681	0.000923553391266799
682	0.000923553391266799
683	0.000923553391266799
684	0.000923553391266799
685	0.000923553391266799
686	0.000923553391266799
687	0.000923553391266799
688	0.000923553391266799
689	0.000923553391266799
690	0.000923553391266799
691	0.000923553391266799
692	0.000923553391266799
693	0.000923553391266799
694	0.000923553391266799
695	0.000923553391266799
696	0.000923553391266799
697	0.000923553391266799
698	0.000923553391266799
699	0.000923553391266799
700	0.000923553391266799
701	0.000923553391266799
702	0.000923553391266799
631	0.0009214085996674458
632	0.0009214085996674458
633	0.0009214085996674458
634	0.0009214085996674458
635	0.0009214085996674458
636	0.0009214085996674458
637	0.0009214085996674458
638	0.0009214085996674458
639	0.0009214085996674458
640	0.0009214085996674458
641	0.0009214085996674458
642	0.0009214085996674458
643	0.0009214085996674458
644	0.0009214085996674458
645	0.0009214085996674458
646	0.0009214085996674458
647	0.0009214085996674458
648	0.0009214085996674458
649	0.0009214085996674458
650	0.0009214085996674458
651	0.0009214085996674458
652	0.0009214085996674458
653	0.0009214085996674458
654	0.0009214085996674458
655	0.0009214085996674458
656	0.0009214085996674458
657	0.0009214085996674458
658	0.0009214085996674458
659	0.0009214085996674458
660	0.0009214085996674458
661	0.0009214085996674458
662	0.0009214085996674458
663	0.0009214085996674458
664	0.0009214085996674458
665	0.0009214085996674458
596	0.0009190994089661929
597	0.0009190994089661929
598	0.0009190994089661929
599	0.0009190994089661929
600	0.0009190994089661929
601	0.0009190994089661929
602	0.0009190994089661929
603	0.0009190994089661929
604	0.0009190994089661929
605	0.0009190994089661929
606	0.0009190994089661929
607	0.0009190994089661929
608	0.0009190994089661929
609	0.0009190994089661929
610	0.0009190994089661929
611	0.0009190994089661929
612	0.0009190994089661929
613	0.0009190994089661929
614	0.0009190994089661929
615	0.0009190994089661929
616	0.0009190994089661929
617	0.0009190994089661929
618	0.0009190994089661929
619	0.0009190994089661929
620	0.0009190994089661929
621	0.0009190994089661929
622	0.0009190994089661929
623	0.0009190994089661929
624	0.0009190994089661929
625	0.0009190994089661929
626	0.0009190994089661929
627	0.0009190994089661929
628	0.0009190994089661929
629	0.0009190994089661929
562	0.0009166108381546092
563	0.0009166108381546092
564	0.0009166108381546092
565	0.0009166108381546092
566	0.0009166108381546092
567	0.0009166108381546092
568	0.0009166108381546092
569	0.0009166108381546092
570	0.0009166108381546092
571	0.0009166108381546092
572	0.0009166108381546092
573	0.0009166108381546092
574	0.0009166108381546092
575	0.0009166108381546092
576	0.0009166108381546092
577	0.0009166108381546092
578	0.0009166108381546092
579	0.0009166108381546092
580	0.0009166108381546092
581	0.0009166108381546092
582	0.0009166108381546092
583	0.0009166108381546092
584	0.0009166108381546092
585	0.0009166108381546092
586	0.0009166108381546092
587	0.0009166108381546092
588	0.0009166108381546092
589	0.0009166108381546092
590	0.0009166108381546092
591	0.0009166108381546092
592	0.0009166108381546092
593	0.0009166108381546092
594	0.0009166108381546092
529	0.000913926205543949
530	0.000913926205543949
531	0.000913926205543949
532	0.000913926205543949
533	0.000913926205543949
534	0.000913926205543949
535	0.000913926205543949
536	0.000913926205543949
537	0.000913926205543949
538	0.000913926205543949
539	0.000913926205543949
540	0.000913926205543949
541	0.000913926205543949
542	0.000913926205543949
543	0.000913926205543949
544	0.000913926205543949
545	0.000913926205543949
546	0.000913926205543949
547	0.000913926205543949
548	0.000913926205543949
549	0.000913926205543949
550	0.000913926205543949
551	0.000913926205543949
552	0.000913926205543949
553	0.000913926205543949
554	0.000913926205543949
555	0.000913926205543949
556	0.000913926205543949
557	0.000913926205543949
558	0.000913926205543949
559	0.000913926205543949
560	0.000913926205543949
497	0.0009110268914039653
498	0.0009110268914039653
499	0.0009110268914039653
500	0.0009110268914039653
501	0.0009110268914039653
502	0.0009110268914039653
503	0.0009110268914039653
504	0.0009110268914039653
505	0.0009110268914039653
506	0.0009110268914039653
507	0.0009110268914039653
508	0.0009110268914039653
509	0.0009110268914039653
510	0.0009110268914039653
511	0.0009110268914039653
512	0.0009110268914039653
513	0.0009110268914039653
514	0.0009110268914039653
515	0.0009110268914039653
516	0.0009110268914039653
517	0.0009110268914039653
518	0.0009110268914039653
519	0.0009110268914039653
520	0.0009110268914039653
521	0.0009110268914039653
522	0.0009110268914039653
523	0.0009110268914039653
524	0.0009110268914039653
525	0.0009110268914039653
526	0.0009110268914039653
527	0.0009110268914039653
466	0.0009078920606285467
467	0.0009078920606285467
468	0.0009078920606285467
469	0.0009078920606285467
470	0.0009078920606285467
471	0.0009078920606285467
472	0.0009078920606285467
473	0.0009078920606285467
474	0.0009078920606285467
475	0.0009078920606285467
476	0.0009078920606285467
477	0.0009078920606285467
478	0.0009078920606285467
479	0.0009078920606285467
480	0.0009078920606285467
481	0.0009078920606285467
482	0.0009078920606285467
483	0.0009078920606285467
484	0.0009078920606285467
485	0.0009078920606285467
486	0.0009078920606285467
487	0.0009078920606285467
488	0.0009078920606285467
489	0.0009078920606285467
490	0.0009078920606285467
491	0.0009078920606285467
492	0.0009078920606285467
493	0.0009078920606285467
494	0.0009078920606285467
495	0.0009078920606285467
436	0.0009044983374433026
437	0.0009044983374433026
438	0.0009044983374433026
439	0.0009044983374433026
440	0.0009044983374433026
441	0.0009044983374433026
442	0.0009044983374433026
443	0.0009044983374433026
444	0.0009044983374433026
445	0.0009044983374433026
446	0.0009044983374433026
447	0.0009044983374433026
448	0.0009044983374433026
449	0.0009044983374433026
450	0.0009044983374433026
451	0.0009044983374433026
452	0.0009044983374433026
453	0.0009044983374433026
454	0.0009044983374433026
455	0.0009044983374433026
456	0.0009044983374433026
457	0.0009044983374433026
458	0.0009044983374433026
459	0.0009044983374433026
460	0.0009044983374433026
461	0.0009044983374433026
462	0.0009044983374433026
463	0.0009044983374433026
464	0.0009044983374433026
407	0.0009008194223054228
408	0.0009008194223054228
409	0.0009008194223054228
410	0.0009008194223054228
411	0.0009008194223054228
412	0.0009008194223054228
413	0.0009008194223054228
414	0.0009008194223054228
415	0.0009008194223054228
416	0.0009008194223054228
417	0.0009008194223054228
418	0.0009008194223054228
419	0.0009008194223054228
420	0.0009008194223054228
421	0.0009008194223054228
422	0.0009008194223054228
423	0.0009008194223054228
424	0.0009008194223054228
425	0.0009008194223054228
426	0.0009008194223054228
427	0.0009008194223054228
428	0.0009008194223054228
429	0.0009008194223054228
430	0.0009008194223054228
431	0.0009008194223054228
432	0.0009008194223054228
433	0.0009008194223054228
434	0.0009008194223054228
379	0.0008968256387785097
380	0.0008968256387785097
381	0.0008968256387785097
382	0.0008968256387785097
383	0.0008968256387785097
384	0.0008968256387785097
385	0.0008968256387785097
386	0.0008968256387785097
387	0.0008968256387785097
388	0.0008968256387785097
389	0.0008968256387785097
390	0.0008968256387785097
391	0.0008968256387785097
392	0.0008968256387785097
393	0.0008968256387785097
394	0.0008968256387785097
395	0.0008968256387785097
396	0.0008968256387785097
397	0.0008968256387785097
398	0.0008968256387785097
399	0.0008968256387785097
400	0.0008968256387785097
401	0.0008968256387785097
402	0.0008968256387785097
403	0.0008968256387785097
404	0.0008968256387785097
405	0.0008968256387785097
352	0.0008924833951393407
353	0.0008924833951393407
354	0.0008924833951393407
355	0.0008924833951393407
356	0.0008924833951393407
357	0.0008924833951393407
358	0.0008924833951393407
359	0.0008924833951393407
360	0.0008924833951393407
361	0.0008924833951393407
362	0.0008924833951393407
363	0.0008924833951393407
364	0.0008924833951393407
365	0.0008924833951393407
366	0.0008924833951393407
367	0.0008924833951393407
368	0.0008924833951393407
369	0.0008924833951393407
370	0.0008924833951393407
371	0.0008924833951393407
372	0.0008924833951393407
373	0.0008924833951393407
374	0.0008924833951393407
375	0.0008924833951393407
376	0.0008924833951393407
377	0.0008924833951393407
326	0.0008877545415803541
327	0.0008877545415803541
328	0.0008877545415803541
329	0.0008877545415803541
330	0.0008877545415803541
331	0.0008877545415803541
332	0.0008877545415803541
333	0.0008877545415803541
334	0.0008877545415803541
335	0.0008877545415803541
336	0.0008877545415803541
337	0.0008877545415803541
338	0.0008877545415803541
339	0.0008877545415803541
340	0.0008877545415803541
341	0.0008877545415803541
342	0.0008877545415803541
343	0.0008877545415803541
344	0.0008877545415803541
345	0.0008877545415803541
346	0.0008877545415803541
347	0.0008877545415803541
348	0.0008877545415803541
349	0.0008877545415803541
350	0.0008877545415803541
301	0.0008825955988260796
302	0.0008825955988260796
303	0.0008825955988260796
304	0.0008825955988260796
305	0.0008825955988260796
306	0.0008825955988260796
307	0.0008825955988260796
308	0.0008825955988260796
309	0.0008825955988260796
310	0.0008825955988260796
311	0.0008825955988260796
312	0.0008825955988260796
313	0.0008825955988260796
314	0.0008825955988260796
315	0.0008825955988260796
316	0.0008825955988260796
317	0.0008825955988260796
318	0.0008825955988260796
319	0.0008825955988260796
320	0.0008825955988260796
321	0.0008825955988260796
322	0.0008825955988260796
323	0.0008825955988260796
324	0.0008825955988260796
277	0.0008769568273922987
278	0.0008769568273922987
279	0.0008769568273922987
280	0.0008769568273922987
281	0.0008769568273922987
282	0.0008769568273922987
283	0.0008769568273922987
284	0.0008769568273922987
285	0.0008769568273922987
286	0.0008769568273922987
287	0.0008769568273922987
288	0.0008769568273922987
289	0.0008769568273922987
290	0.0008769568273922987
291	0.0008769568273922987
292	0.0008769568273922987
293	0.0008769568273922987
294	0.0008769568273922987
295	0.0008769568273922987
296	0.0008769568273922987
297	0.0008769568273922987
298	0.0008769568273922987
299	0.0008769568273922987
254	0.0008707810980409318
255	0.0008707810980409318
256	0.0008707810980409318
257	0.0008707810980409318
258	0.0008707810980409318
259	0.0008707810980409318
260	0.0008707810980409318
261	0.0008707810980409318
262	0.0008707810980409318
263	0.0008707810980409318
264	0.0008707810980409318
265	0.0008707810980409318
266	0.0008707810980409318
267	0.0008707810980409318
268	0.0008707810980409318
269	0.0008707810980409318
270	0.0008707810980409318
271	0.0008707810980409318
272	0.0008707810980409318
273	0.0008707810980409318
274	0.0008707810980409318
275	0.0008707810980409318
232	0.000864002512461344
233	0.000864002512461344
234	0.000864002512461344
235	0.000864002512461344
236	0.000864002512461344
237	0.000864002512461344
238	0.000864002512461344
239	0.000864002512461344
240	0.000864002512461344
241	0.000864002512461344
242	0.000864002512461344
243	0.000864002512461344
244	0.000864002512461344
245	0.000864002512461344
246	0.000864002512461344
247	0.000864002512461344
248	0.000864002512461344
249	0.000864002512461344
250	0.000864002512461344
251	0.000864002512461344
252	0.000864002512461344
211	0.0008565447077642307
212	0.0008565447077642307
213	0.0008565447077642307
214	0.0008565447077642307
215	0.0008565447077642307
216	0.0008565447077642307
217	0.0008565447077642307
218	0.0008565447077642307
219	0.0008565447077642307
220	0.0008565447077642307
221	0.0008565447077642307
222	0.0008565447077642307
223	0.0008565447077642307
224	0.0008565447077642307
225	0.0008565447077642307
226	0.0008565447077642307
227	0.0008565447077642307
228	0.0008565447077642307
229	0.0008565447077642307
230	0.0008565447077642307
191	0.0008483187574671712
192	0.0008483187574671712
193	0.0008483187574671712
194	0.0008483187574671712
195	0.0008483187574671712
196	0.0008483187574671712
197	0.0008483187574671712
198	0.0008483187574671712
199	0.0008483187574671712
200	0.0008483187574671712
201	0.0008483187574671712
202	0.0008483187574671712
203	0.0008483187574671712
204	0.0008483187574671712
205	0.0008483187574671712
206	0.0008483187574671712
207	0.0008483187574671712
208	0.0008483187574671712
209	0.0008483187574671712
172	0.0008392205530482545
173	0.0008392205530482545
174	0.0008392205530482545
175	0.0008392205530482545
176	0.0008392205530482545
177	0.0008392205530482545
178	0.0008392205530482545
179	0.0008392205530482545
180	0.0008392205530482545
181	0.0008392205530482545
182	0.0008392205530482545
183	0.0008392205530482545
184	0.0008392205530482545
185	0.0008392205530482545
186	0.0008392205530482545
187	0.0008392205530482545
188	0.0008392205530482545
189	0.0008392205530482545
154	0.0008291275105670681
155	0.0008291275105670681
156	0.0008291275105670681
157	0.0008291275105670681
158	0.0008291275105670681
159	0.0008291275105670681
160	0.0008291275105670681
161	0.0008291275105670681
162	0.0008291275105670681
163	0.0008291275105670681
164	0.0008291275105670681
165	0.0008291275105670681
166	0.0008291275105670681
167	0.0008291275105670681
168	0.0008291275105670681
169	0.0008291275105670681
170	0.0008291275105670681
137	0.0008178943914166944
138	0.0008178943914166944
139	0.0008178943914166944
140	0.0008178943914166944
141	0.0008178943914166944
142	0.0008178943914166944
143	0.0008178943914166944
144	0.0008178943914166944
145	0.0008178943914166944
146	0.0008178943914166944
147	0.0008178943914166944
148	0.0008178943914166944
149	0.0008178943914166944
150	0.0008178943914166944
151	0.0008178943914166944
152	0.0008178943914166944
121	0.0008053479475905886
122	0.0008053479475905886
123	0.0008053479475905886
124	0.0008053479475905886
125	0.0008053479475905886
126	0.0008053479475905886
127	0.0008053479475905886
128	0.0008053479475905886
129	0.0008053479475905886
130	0.0008053479475905886
131	0.0008053479475905886
132	0.0008053479475905886
133	0.0008053479475905886
134	0.0008053479475905886
135	0.0008053479475905886
106	0.0007912799885717072
107	0.0007912799885717072
108	0.0007912799885717072
109	0.0007912799885717072
110	0.0007912799885717072
111	0.0007912799885717072
112	0.0007912799885717072
113	0.0007912799885717072
114	0.0007912799885717072
115	0.0007912799885717072
116	0.0007912799885717072
117	0.0007912799885717072
118	0.0007912799885717072
119	0.0007912799885717072
92	0.0007754383013134859
93	0.0007754383013134859
94	0.0007754383013134859
95	0.0007754383013134859
96	0.0007754383013134859
97	0.0007754383013134859
98	0.0007754383013134859
99	0.0007754383013134859
100	0.0007754383013134859
101	0.0007754383013134859
102	0.0007754383013134859
103	0.0007754383013134859
104	0.0007754383013134859
79	0.0007575146084442957
80	0.0007575146084442957
81	0.0007575146084442957
82	0.0007575146084442957
83	0.0007575146084442957
84	0.0007575146084442957
85	0.0007575146084442957
86	0.0007575146084442957
87	0.0007575146084442957
88	0.0007575146084442957
89	0.0007575146084442957
90	0.0007575146084442957
67	0.0007371283766150099
68	0.0007371283766150099
69	0.0007371283766150099
70	0.0007371283766150099
71	0.0007371283766150099
72	0.0007371283766150099
73	0.0007371283766150099
74	0.0007371283766150099
75	0.0007371283766150099
76	0.0007371283766150099
77	0.0007371283766150099
56	0.0007138047098280742
57	0.0007138047098280742
58	0.0007138047098280742
59	0.0007138047098280742
60	0.0007138047098280742
61	0.0007138047098280742
62	0.0007138047098280742
63	0.0007138047098280742
64	0.0007138047098280742
65	0.0007138047098280742
46	0.00068694364992655
47	0.00068694364992655
48	0.00068694364992655
49	0.00068694364992655
50	0.00068694364992655
51	0.00068694364992655
52	0.00068694364992655
53	0.00068694364992655
54	0.00068694364992655
37	0.0006557767264150409
38	0.0006557767264150409
39	0.0006557767264150409
40	0.0006557767264150409
41	0.0006557767264150409
42	0.0006557767264150409
43	0.0006557767264150409
44	0.0006557767264150409
29	0.0006193041295325
30	0.0006193041295325
31	0.0006193041295325
32	0.0006193041295325
33	0.0006193041295325
34	0.0006193041295325
35	0.0006193041295325
22	0.0005762016321151521
23	0.0005762016321151521
24	0.0005762016321151521
25	0.0005762016321151521
26	0.0005762016321151521
27	0.0005762016321151521
16	0.0005246788066239575
17	0.0005246788066239575
18	0.0005246788066239575
19	0.0005246788066239575
20	0.0005246788066239575
11	0.00046225599553990936
12	0.00046225599553990936
13	0.00046225599553990936
14	0.00046225599553990936
7	0.000385400030145261
8	0.000385400030145261
9	0.000385400030145261
4	0.00028890208220267377
5	0.00028890208220267377
2	0.0001647563087252502
