1035	0.0020325769103220442
990	0.0020313979435270407
946	0.0020301468510846095
903	0.002028818247244414
861	0.0020274062455585325
820	0.0020259044019934323
780	0.002024305650297406
741	0.0020226022283855584
703	0.0020207855942697057
666	0.0020188463297849614
630	0.0020167740300172875
595	0.0020145571759284508
561	0.002012182987152859
528	0.002009637251315124
496	0.0020069041254290533
465	0.002003965903956222
435	0.0020008027468800048
406	0.0019973923595909826
378	0.001993709614417719
351	0.001989726101112924
325	0.0019854095903779163
300	0.0019807233902946575
276	0.0019756255700771083
253	0.001970068018322873
231	0.0019639952933650897
210	0.001957343210502816
190	0.001950037093478296
171	0.0019419895938152737
153	0.0019330979487138162
136	0.0019232405021209545
120	0.0019122722481970567
105	0.0019000190622166702
91	0.0018862701462859972
78	0.0018707680124686328
66	0.0018531950157094218
55	0.0018331549692721058
45	0.0018101476167934794
36	0.0017835325049098448
28	0.001752476748823533
21	0.001715877652030017
15	0.0016722448417958557
10	0.0016195148722775482
6	0.0015547484204989283
3	0.0014736131473528054
1	0.0013694516285713257
1036	0.0009373093832345049
1037	0.0009373093832345049
1038	0.0009373093832345049
1039	0.0009373093832345049
1040	0.0009373093832345049
1041	0.0009373093832345049
1042	0.0009373093832345049
1043	0.0009373093832345049
1044	0.0009373093832345049
1045	0.0009373093832345049
1046	0.0009373093832345049
1047	0.0009373093832345049
1048	0.0009373093832345049
1049	0.0009373093832345049
1050	0.0009373093832345049
1051	0.0009373093832345049
1052	0.0009373093832345049
1053	0.0009373093832345049
1054	0.0009373093832345049
1055	0.0009373093832345049
1056	0.0009373093832345049
1057	0.0009373093832345049
1058	0.0009373093832345049
1059	0.0009373093832345049
1060	0.0009373093832345049
1061	0.0009373093832345049
1062	0.0009373093832345049
1063	0.0009373093832345049
1064	0.0009373093832345049
1065	0.0009373093832345049
1066	0.0009373093832345049
1067	0.0009373093832345049
1068	0.0009373093832345049
1069	0.0009373093832345049
1070	0.0009373093832345049
1071	0.0009373093832345049
1072	0.0009373093832345049
1073	0.0009373093832345049
1074	0.0009373093832345049
1075	0.0009373093832345049
1076	0.0009373093832345049
1077	0.0009373093832345049
1078	0.0009373093832345049
1079	0.0009373093832345049
1080	0.0009373093832345049
1034	0.0009361684882064977
993	0.0009361684882032097
991	0.0009361684882031951
996	0.0009361684882031924
999	0.0009361684882031893
1002	0.00093616848820316
1005	0.0009361684882031443
1006	0.0009361684882031101
1008	0.0009361684882031016
1009	0.0009361684882030997
1017	0.0009361684882030997
1025	0.0009361684882030973
1028	0.0009361684882030953
1012	0.0009361684882030942
1003	0.0009361684882030904
1015	0.0009361684882030879
1033	0.0009361684882030872
1014	0.0009361684882030849
1011	0.000936168488203083
1020	0.000936168488203083
1023	0.0009361684882030715
1030	0.0009361684882030683
1032	0.0009361684882030666
1022	0.0009361684882030658
1000	0.0009361684882030649
1031	0.0009361684882030647
997	0.0009361684882030625
1021	0.0009361684882030622
1018	0.000936168488203062
1024	0.0009361684882030552
1027	0.0009361684882030552
1029	0.0009361684882030547
1019	0.0009361684882030528
1026	0.0009361684882030434
994	0.0009361684882030193
1016	0.0009361684882030117
1013	0.0009361684882030008
1010	0.0009361684882029851
1007	0.0009361684882029474
995	0.0009361684882029433
1001	0.0009361684882029319
992	0.0009361684882029295
998	0.000936168488202928
1004	0.0009361684882029195
950	0.0009349475684782862
963	0.0009349475684782712
965	0.00093494756847827
957	0.0009349475684782666
989	0.0009349475684782642
960	0.0009349475684782582
978	0.0009349475684782405
969	0.0009349475684782381
959	0.0009349475684782378
948	0.0009349475684782373
954	0.0009349475684782365
953	0.0009349475684782356
958	0.0009349475684782356
968	0.0009349475684782349
955	0.0009349475684782336
952	0.0009349475684782325
962	0.000934947568478232
967	0.0009349475684782303
980	0.00093494756847823
975	0.0009349475684782275
982	0.0009349475684782238
973	0.0009349475684782236
971	0.0009349475684782148
976	0.0009349475684782145
986	0.0009349475684782136
988	0.0009349475684782117
985	0.0009349475684782025
951	0.000934947568478201
979	0.0009349475684781981
987	0.0009349475684781975
984	0.0009349475684781964
974	0.0009349475684781917
949	0.0009349475684781908
983	0.0009349475684781866
970	0.0009349475684781851
981	0.0009349475684781842
972	0.0009349475684781747
947	0.0009349475684781626
961	0.0009349475684781609
964	0.0009349475684781605
977	0.0009349475684781523
966	0.0009349475684781263
956	0.0009349475684780887
907	0.0009336403937118164
905	0.000933640393711814
918	0.0009336403937117818
915	0.0009336403937117578
914	0.0009336403937117312
924	0.0009336403937117268
922	0.0009336403937117104
909	0.0009336403937117006
941	0.0009336403937116911
926	0.0009336403937116888
928	0.0009336403937116882
938	0.0009336403937116864
910	0.0009336403937116811
932	0.0009336403937116777
911	0.0009336403937116714
920	0.0009336403937116714
944	0.0009336403937116692
927	0.0009336403937116671
936	0.0009336403937116622
943	0.0009336403937116599
933	0.0009336403937116476
939	0.0009336403937116467
935	0.0009336403937116382
934	0.0009336403937116376
929	0.0009336403937116308
931	0.0009336403937116278
942	0.0009336403937116206
916	0.0009336403937116199
940	0.0009336403937116174
930	0.000933640393711615
945	0.000933640393711612
937	0.0009336403937116011
921	0.0009336403937115938
925	0.0009336403937115938
912	0.0009336403937115847
923	0.0009336403937115847
919	0.0009336403937115815
913	0.0009336403937115803
917	0.0009336403937115721
908	0.0009336403937115447
906	0.0009336403937115285
904	0.0009336403937114627
881	0.0009322401435892072
869	0.00093224014358917
888	0.0009322401435891696
877	0.0009322401435891473
863	0.0009322401435891411
867	0.0009322401435891346
889	0.0009322401435891142
900	0.0009322401435891126
865	0.0009322401435890971
875	0.0009322401435890942
895	0.0009322401435890922
866	0.0009322401435890829
902	0.0009322401435890806
871	0.00093224014358908
872	0.0009322401435890727
898	0.0009322401435890659
885	0.0009322401435890583
894	0.0009322401435890579
884	0.000932240143589051
901	0.0009322401435890396
874	0.0009322401435890346
882	0.0009322401435890306
893	0.0009322401435890269
886	0.0009322401435890251
878	0.0009322401435890216
891	0.0009322401435890176
896	0.0009322401435890114
892	0.000932240143589007
897	0.0009322401435889992
890	0.0009322401435889905
873	0.0009322401435889886
899	0.0009322401435889826
883	0.0009322401435889653
879	0.0009322401435889633
862	0.0009322401435889457
880	0.0009322401435889331
870	0.0009322401435889091
876	0.0009322401435888863
864	0.0009322401435888646
887	0.0009322401435888646
868	0.0009322401435888434
821	0.0009307393401713665
833	0.0009307393401713597
824	0.0009307393401712456
829	0.0009307393401712403
838	0.0009307393401711873
826	0.0009307393401711817
850	0.0009307393401711637
843	0.0009307393401711485
841	0.000930739340171138
856	0.0009307393401711321
848	0.0009307393401711276
851	0.0009307393401711213
846	0.0009307393401711164
830	0.0009307393401710907
852	0.0009307393401710846
837	0.0009307393401710838
853	0.0009307393401710821
844	0.0009307393401710784
859	0.00093073934017107
836	0.0009307393401710655
858	0.0009307393401710651
860	0.0009307393401710645
845	0.0009307393401710585
822	0.0009307393401710479
854	0.000930739340171043
855	0.0009307393401710341
840	0.0009307393401710304
835	0.0009307393401710288
827	0.0009307393401710222
857	0.0009307393401710124
831	0.0009307393401710022
847	0.0009307393401709844
849	0.0009307393401709724
842	0.000930739340170951
823	0.0009307393401709248
834	0.0009307393401709044
839	0.0009307393401708687
832	0.0009307393401708486
828	0.0009307393401707997
825	0.0009307393401707643
785	0.0009291297709778922
791	0.0009291297709778107
789	0.0009291297709777854
794	0.0009291297709777565
814	0.0009291297709777525
787	0.0009291297709777479
807	0.0009291297709777397
817	0.0009291297709777337
795	0.0009291297709777154
803	0.0009291297709777152
812	0.0009291297709777114
798	0.0009291297709777011
797	0.0009291297709776959
783	0.0009291297709776901
782	0.0009291297709776873
809	0.0009291297709776691
800	0.0009291297709776599
816	0.0009291297709776567
802	0.0009291297709776505
806	0.0009291297709776351
811	0.0009291297709776351
818	0.0009291297709776037
813	0.0009291297709776033
804	0.0009291297709775951
808	0.0009291297709775907
819	0.0009291297709775854
805	0.0009291297709775681
810	0.000929129770977561
788	0.0009291297709775605
792	0.0009291297709775515
786	0.0009291297709775431
801	0.0009291297709775404
790	0.0009291297709775341
793	0.000929129770977532
796	0.0009291297709775195
815	0.0009291297709775122
799	0.0009291297709774823
784	0.0009291297709774403
781	0.0009291297709774352
750	0.0009274024013308587
746	0.0009274024013308101
748	0.0009274024013307907
761	0.0009274024013307886
768	0.0009274024013307849
742	0.0009274024013307763
764	0.0009274024013307599
758	0.0009274024013307149
774	0.0009274024013306966
756	0.00092740240133067
760	0.0009274024013306502
770	0.0009274024013306408
771	0.0009274024013306367
754	0.0009274024013306293
765	0.0009274024013306278
751	0.0009274024013306274
753	0.000927402401330611
745	0.0009274024013305948
778	0.0009274024013305891
776	0.0009274024013305819
775	0.0009274024013305814
773	0.000927402401330574
757	0.0009274024013305646
744	0.0009274024013305602
743	0.000927402401330556
763	0.0009274024013305425
779	0.0009274024013305163
777	0.0009274024013305076
762	0.0009274024013304725
767	0.0009274024013304567
772	0.0009274024013304555
769	0.0009274024013304486
766	0.0009274024013304168
755	0.000927402401330408
749	0.000927402401330383
752	0.0009274024013303309
759	0.0009274024013303094
747	0.0009274024013302695
719	0.0009255472741896941
708	0.0009255472741896604
735	0.0009255472741895758
723	0.0009255472741895746
709	0.0009255472741895485
713	0.0009255472741895115
731	0.0009255472741894752
711	0.0009255472741894691
728	0.0009255472741894574
730	0.0009255472741894273
725	0.000925547274189415
718	0.0009255472741894114
721	0.0009255472741894065
740	0.0009255472741894049
715	0.0009255472741893826
705	0.000925547274189358
737	0.0009255472741893527
733	0.000925547274189345
736	0.000925547274189345
738	0.0009255472741893446
716	0.0009255472741893425
727	0.0009255472741893425
707	0.0009255472741893369
720	0.0009255472741893174
714	0.0009255472741893153
734	0.0009255472741893068
726	0.0009255472741892854
712	0.000925547274189284
739	0.0009255472741892791
722	0.0009255472741892639
729	0.0009255472741892487
724	0.000925547274189212
732	0.00092554727418919
717	0.0009255472741890969
704	0.0009255472741890738
706	0.0009255472741890614
710	0.0009255472741890215
672	0.000923553395383204
675	0.0009235533953831865
681	0.0009235533953831848
692	0.0009235533953831409
685	0.0009235533953831208
679	0.0009235533953830864
689	0.0009235533953830628
698	0.000923553395383062
670	0.0009235533953830502
683	0.0009235533953830409
696	0.0009235533953830254
702	0.0009235533953830237
687	0.0009235533953830187
668	0.0009235533953830091
693	0.000923553395382997
699	0.0009235533953829961
678	0.0009235533953829921
694	0.0009235533953829661
688	0.0009235533953829213
677	0.0009235533953829197
671	0.0009235533953829181
690	0.0009235533953829034
669	0.0009235533953829002
700	0.0009235533953828876
686	0.0009235533953828373
684	0.0009235533953828339
701	0.0009235533953828256
682	0.0009235533953828017
674	0.0009235533953827753
691	0.0009235533953827737
676	0.0009235533953827566
695	0.0009235533953827367
697	0.0009235533953827294
680	0.0009235533953827026
673	0.0009235533953825733
667	0.0009235533953825354
631	0.0009214086017245177
642	0.0009214086017245142
647	0.0009214086017244859
633	0.0009214086017244056
652	0.0009214086017243196
637	0.0009214086017243057
644	0.0009214086017242516
655	0.0009214086017242488
651	0.0009214086017241927
649	0.000921408601724158
638	0.0009214086017241565
664	0.0009214086017241439
659	0.0009214086017240939
656	0.0009214086017240683
663	0.0009214086017240667
645	0.0009214086017240398
640	0.000921408601724037
662	0.0009214086017240366
657	0.0009214086017240236
658	0.0009214086017240065
661	0.000921408601723996
665	0.000921408601723983
635	0.0009214086017239679
660	0.0009214086017239563
648	0.0009214086017239228
634	0.0009214086017238965
653	0.0009214086017238322
646	0.0009214086017238119
654	0.0009214086017238075
641	0.0009214086017237928
650	0.0009214086017237131
632	0.0009214086017236729
639	0.0009214086017236615
636	0.0009214086017236445
643	0.000921408601723514
596	0.0009190994090022075
613	0.0009190994090019789
609	0.0009190994090019369
603	0.0009190994090019052
605	0.0009190994090018967
599	0.0009190994090018768
618	0.0009190994090018613
615	0.0009190994090018023
607	0.0009190994090018009
621	0.0009190994090017789
600	0.0009190994090017716
611	0.0009190994090017672
620	0.000919099409001746
626	0.0009190994090017441
608	0.0009190994090017188
622	0.0009190994090017188
597	0.0009190994090016956
625	0.0009190994090016835
629	0.0009190994090016498
627	0.0009190994090016408
602	0.0009190994090016083
628	0.0009190994090015824
616	0.0009190994090015762
624	0.0009190994090015613
623	0.0009190994090015522
610	0.0009190994090015288
617	0.0009190994090015271
598	0.0009190994090014541
619	0.0009190994090014476
601	0.0009190994090013968
606	0.0009190994090013955
614	0.0009190994090013398
612	0.0009190994090013143
604	0.0009190994090011421
577	0.0009166108362217247
564	0.0009166108362215976
584	0.0009166108362215668
569	0.000916610836221527
579	0.0009166108362214662
575	0.000916610836221357
572	0.0009166108362213314
562	0.0009166108362211909
592	0.0009166108362211886
588	0.0009166108362211577
570	0.0009166108362211536
587	0.0009166108362211472
568	0.0009166108362211237
580	0.0009166108362211172
591	0.0009166108362210474
586	0.0009166108362210409
573	0.0009166108362210271
590	0.0009166108362210019
567	0.0009166108362209658
594	0.0009166108362209062
593	0.0009166108362209013
583	0.0009166108362208892
565	0.0009166108362208863
581	0.0009166108362208586
582	0.0009166108362207982
589	0.000916610836220769
566	0.0009166108362207146
585	0.0009166108362206713
574	0.0009166108362206473
563	0.0009166108362206078
576	0.0009166108362205799
578	0.0009166108362205093
571	0.0009166108362200539
543	0.0009139262017088347
529	0.000913926201708641
533	0.0009139262017084535
550	0.0009139262017084231
540	0.000913926201708419
557	0.0009139262017083642
548	0.0009139262017083168
554	0.0009139262017082786
546	0.0009139262017082625
560	0.000913926201708255
556	0.0009139262017082309
553	0.0009139262017082137
539	0.000913926201708213
552	0.000913926201708196
535	0.0009139262017081952
536	0.0009139262017081594
531	0.000913926201708125
537	0.0009139262017081173
549	0.0009139262017080913
547	0.0009139262017080909
555	0.0009139262017080784
558	0.0009139262017080755
559	0.0009139262017080494
542	0.0009139262017079932
544	0.0009139262017079746
541	0.0009139262017079741
532	0.000913926201707938
534	0.0009139262017079284
551	0.0009139262017078664
545	0.0009139262017077564
538	0.0009139262017077159
530	0.0009139262017074174
499	0.0009110268857503744
514	0.0009110268857503102
504	0.000911026885750137
507	0.0009110268857501226
498	0.0009110268857499864
519	0.0009110268857499056
524	0.0009110268857498352
520	0.0009110268857497737
501	0.0009110268857497436
512	0.0009110268857496811
516	0.0009110268857496489
521	0.0009110268857496286
527	0.000911026885749622
517	0.0009110268857496197
526	0.0009110268857495909
511	0.0009110268857495718
503	0.000911026885749563
523	0.0009110268857495184
509	0.0009110268857495142
505	0.0009110268857494714
502	0.0009110268857494475
497	0.0009110268857494293
525	0.0009110268857494274
506	0.0009110268857494128
522	0.0009110268857493626
508	0.0009110268857493467
513	0.0009110268857493127
515	0.0009110268857492487
518	0.0009110268857491481
510	0.0009110268857490999
500	0.0009110268857483139
484	0.0009078920532570699
481	0.0009078920532569883
486	0.0009078920532569638
471	0.000907892053256942
475	0.00090789205325684
491	0.0009078920532567688
466	0.0009078920532567687
488	0.000907892053256757
476	0.0009078920532567557
479	0.0009078920532567493
469	0.0009078920532567078
494	0.000907892053256644
468	0.0009078920532566099
478	0.0009078920532564872
474	0.0009078920532564786
492	0.0009078920532564093
493	0.0009078920532564059
480	0.0009078920532563737
489	0.0009078920532563727
483	0.0009078920532563308
495	0.0009078920532562292
487	0.0009078920532561979
473	0.0009078920532561654
490	0.0009078920532561155
472	0.000907892053256104
467	0.0009078920532557374
477	0.0009078920532557308
470	0.0009078920532557288
482	0.0009078920532557249
485	0.0009078920532556126
452	0.0009044983284736653
446	0.0009044983284735962
438	0.0009044983284735123
450	0.0009044983284734653
436	0.0009044983284734608
443	0.0009044983284734114
458	0.0009044983284733724
448	0.0009044983284732802
456	0.0009044983284732641
459	0.0009044983284732323
445	0.0009044983284732283
441	0.0009044983284732115
464	0.0009044983284731858
461	0.0009044983284731828
437	0.0009044983284731816
439	0.0009044983284731699
462	0.0009044983284730959
453	0.0009044983284730563
455	0.0009044983284730428
449	0.0009044983284730351
444	0.0009044983284729803
460	0.0009044983284728581
451	0.0009044983284728546
454	0.0009044983284728315
463	0.0009044983284728128
442	0.0009044983284727545
457	0.0009044983284727117
447	0.0009044983284726996
440	0.0009044983284726293
409	0.0009008194118774764
407	0.0009008194118773324
413	0.0009008194118773009
416	0.0009008194118771165
421	0.0009008194118769439
422	0.0009008194118767546
428	0.0009008194118766018
420	0.0009008194118765917
430	0.000900819411876567
418	0.0009008194118765541
415	0.0009008194118765176
425	0.0009008194118765114
432	0.000900819411876488
410	0.0009008194118763619
429	0.000900819411876339
433	0.0009008194118763328
426	0.0009008194118763296
431	0.0009008194118762839
427	0.0009008194118762659
417	0.0009008194118761738
424	0.0009008194118761295
411	0.0009008194118760778
434	0.0009008194118760492
408	0.0009008194118759555
423	0.0009008194118758432
419	0.0009008194118756806
414	0.0009008194118756541
412	0.0009008194118750138
388	0.0008968256270520208
379	0.0008968256270517108
383	0.0008968256270514543
393	0.0008968256270512655
391	0.0008968256270510087
397	0.0008968256270509604
382	0.0008968256270509135
404	0.00089682562705087
398	0.0008968256270508313
401	0.0008968256270507764
380	0.0008968256270507747
405	0.0008968256270507512
399	0.0008968256270506811
390	0.0008968256270506133
395	0.0008968256270506085
387	0.0008968256270505939
385	0.0008968256270505309
403	0.000896825627050493
394	0.0008968256270504245
402	0.0008968256270504164
400	0.0008968256270503696
386	0.0008968256270502744
396	0.0008968256270502227
384	0.0008968256270501582
392	0.0008968256270501452
381	0.0008968256270500597
389	0.0008968256270497465
365	0.0008924833822938213
357	0.0008924833822933446
359	0.0008924833822932664
371	0.0008924833822930514
355	0.0008924833822930423
361	0.0008924833822930294
370	0.0008924833822929871
373	0.0008924833822929039
375	0.0008924833822928926
353	0.0008924833822927785
366	0.0008924833822927531
362	0.0008924833822927416
376	0.000892483382292729
368	0.0008924833822927095
352	0.0008924833822925327
377	0.0008924833822924927
374	0.0008924833822924169
360	0.0008924833822923804
354	0.0008924833822923675
372	0.0008924833822923412
367	0.0008924833822921775
369	0.0008924833822921043
364	0.0008924833822920437
358	0.0008924833822920322
363	0.0008924833822917927
356	0.000892483382291131
326	0.0008877545278169232
332	0.0008877545278167641
330	0.0008877545278166266
344	0.0008877545278166225
335	0.0008877545278165522
342	0.000887754527816491
349	0.0008877545278164226
338	0.000887754527816381
339	0.0008877545278163658
334	0.0008877545278163018
329	0.0008877545278162787
345	0.0008877545278162514
347	0.0008877545278162444
336	0.0008877545278162353
341	0.000887754527816174
328	0.0008877545278161365
350	0.0008877545278160948
346	0.0008877545278160834
333	0.0008877545278160533
348	0.0008877545278159897
343	0.0008877545278159183
327	0.0008877545278157357
337	0.0008877545278156458
340	0.0008877545278155421
331	0.0008877545278153442
306	0.0008825955843659056
315	0.000882595584365737
313	0.0008825955843652084
304	0.0008825955843652001
318	0.0008825955843650512
320	0.000882595584365045
312	0.0008825955843649905
309	0.0008825955843649535
323	0.0008825955843648169
302	0.0008825955843646706
321	0.0008825955843645684
324	0.0008825955843645344
316	0.000882595584364526
311	0.0008825955843644855
301	0.0008825955843644092
303	0.0008825955843642673
322	0.0008825955843642419
305	0.0008825955843642404
317	0.0008825955843642122
308	0.0008825955843641814
310	0.0008825955843640771
319	0.0008825955843639208
307	0.0008825955843636372
314	0.0008825955843634491
282	0.0008769568124716858
287	0.0008769568124715736
284	0.0008769568124707781
296	0.0008769568124707041
295	0.0008769568124706868
288	0.0008769568124706572
290	0.0008769568124706256
279	0.0008769568124705762
291	0.0008769568124705049
298	0.0008769568124703935
281	0.0008769568124703906
294	0.0008769568124702818
299	0.0008769568124702518
280	0.0008769568124702272
297	0.0008769568124702134
292	0.0008769568124701088
277	0.0008769568124701004
286	0.0008769568124699714
293	0.0008769568124698246
289	0.0008769568124695982
285	0.0008769568124693806
278	0.0008769568124690463
283	0.000876956812468591
264	0.0008707810829114001
261	0.0008707810829113984
269	0.0008707810829113776
257	0.0008707810829113233
259	0.0008707810829112145
275	0.0008707810829111492
267	0.0008707810829111195
272	0.0008707810829110202
255	0.000870781082910949
266	0.0008707810829109444
271	0.0008707810829108938
263	0.0008707810829108495
273	0.0008707810829107449
256	0.0008707810829107001
262	0.0008707810829106667
270	0.0008707810829106501
274	0.0008707810829106418
258	0.0008707810829105249
265	0.000870781082910448
268	0.0008707810829103769
260	0.0008707810829101545
254	0.0008707810829097045
233	0.0008640024973859525
242	0.0008640024973849286
237	0.0008640024973847648
241	0.0008640024973847441
236	0.0008640024973847369
234	0.0008640024973844396
245	0.0008640024973844273
251	0.0008640024973842161
239	0.0008640024973840737
249	0.0008640024973840694
248	0.0008640024973840572
250	0.000864002497383995
252	0.0008640024973839233
243	0.0008640024973839065
246	0.0008640024973838355
244	0.0008640024973837143
247	0.0008640024973836214
238	0.0008640024973830927
240	0.000864002497383052
232	0.0008640024973829177
235	0.0008640024973823195
212	0.0008565446930058307
221	0.000856544693005419
216	0.0008565446930053779
211	0.0008565446930052023
218	0.0008565446930048536
217	0.0008565446930047936
226	0.0008565446930047897
225	0.0008565446930046319
230	0.0008565446930045601
228	0.0008565446930045498
229	0.0008565446930044679
220	0.0008565446930044575
227	0.000856544693004424
223	0.0008565446930043297
224	0.0008565446930042591
214	0.0008565446930041932
222	0.0008565446930041436
219	0.000856544693004111
215	0.0008565446930040319
213	0.0008565446930027522
204	0.000848318743285468
191	0.0008483187432854023
192	0.0008483187432852555
196	0.000848318743285044
200	0.0008483187432849361
199	0.0008483187432848949
207	0.0008483187432848143
194	0.0008483187432847275
209	0.0008483187432846147
202	0.0008483187432845427
205	0.0008483187432845186
208	0.0008483187432845042
195	0.0008483187432844353
198	0.0008483187432844307
201	0.0008483187432843397
203	0.0008483187432843284
206	0.0008483187432842513
193	0.0008483187432842441
197	0.0008483187432836225
180	0.0008392205396889527
177	0.0008392205396889452
174	0.0008392205396884033
185	0.0008392205396882892
184	0.0008392205396881481
172	0.0008392205396881292
187	0.000839220539688117
186	0.0008392205396880159
181	0.0008392205396879551
189	0.0008392205396879116
176	0.0008392205396879114
188	0.0008392205396878748
182	0.00083922053968787
175	0.0008392205396878013
183	0.0008392205396877958
178	0.0008392205396874169
173	0.0008392205396871744
179	0.0008392205396871744
159	0.0008291274982493322
164	0.0008291274982489969
155	0.000829127498248829
167	0.0008291274982487834
169	0.0008291274982486672
161	0.0008291274982485332
163	0.0008291274982485178
162	0.0008291274982483798
165	0.0008291274982483464
170	0.0008291274982483166
157	0.0008291274982483106
156	0.0008291274982483092
166	0.0008291274982481901
154	0.0008291274982479505
168	0.0008291274982479111
158	0.0008291274982478961
160	0.0008291274982477816
137	0.0008178943803199158
147	0.0008178943803194415
146	0.0008178943803190119
143	0.0008178943803189838
151	0.0008178943803189746
144	0.0008178943803189215
152	0.0008178943803188668
140	0.000817894380318813
141	0.0008178943803186442
139	0.0008178943803185121
149	0.0008178943803184452
150	0.0008178943803183065
142	0.0008178943803183048
148	0.0008178943803182313
145	0.0008178943803180992
138	0.0008178943803178974
125	0.0008053479378423835
121	0.0008053479378423774
127	0.0008053479378419953
132	0.0008053479378418108
129	0.0008053479378417292
133	0.0008053479378416836
135	0.0008053479378416829
124	0.0008053479378416393
123	0.0008053479378413976
131	0.000805347937841288
130	0.0008053479378411579
126	0.0008053479378410163
134	0.0008053479378410108
122	0.0008053479378408341
128	0.0008053479378405733
115	0.0007912799802355917
107	0.0007912799802353976
108	0.0007912799802352211
111	0.0007912799802349738
117	0.0007912799802349293
113	0.0007912799802348526
118	0.0007912799802347712
106	0.0007912799802346014
112	0.0007912799802346
119	0.0007912799802344724
109	0.000791279980234408
110	0.0007912799802342662
116	0.0007912799802341117
114	0.0007912799802339992
96	0.000775438294381215
94	0.0007754382943807889
99	0.0007754382943806939
101	0.0007754382943806627
93	0.0007754382943806564
102	0.0007754382943804129
103	0.0007754382943804091
92	0.0007754382943802901
104	0.0007754382943802523
97	0.0007754382943801867
98	0.0007754382943801853
100	0.0007754382943799373
95	0.0007754382943792423
80	0.0007575146028347249
82	0.0007575146028343885
87	0.0007575146028339852
86	0.0007575146028339813
83	0.0007575146028338739
90	0.0007575146028338261
85	0.0007575146028337747
89	0.0007575146028337688
84	0.0007575146028336923
88	0.0007575146028335826
81	0.0007575146028331151
79	0.0007575146028330772
70	0.0007371283721801571
74	0.0007371283721796757
76	0.0007371283721794604
77	0.0007371283721793957
73	0.0007371283721793738
69	0.0007371283721793594
67	0.000737128372179346
72	0.0007371283721792723
75	0.0007371283721791831
71	0.0007371283721786249
68	0.0007371283721784921
61	0.0007138047063739122
65	0.0007138047063737957
60	0.0007138047063737053
59	0.0007138047063737015
58	0.0007138047063736917
62	0.0007138047063736521
64	0.0007138047063735174
63	0.000713804706373457
57	0.0007138047063734496
56	0.0007138047063734411
48	0.0006869436472429758
49	0.000686943647242741
54	0.0006869436472424025
53	0.0006869436472423992
52	0.0006869436472423475
51	0.00068694364724218
50	0.0006869436472421554
47	0.0006869436472419219
46	0.0006869436472418651
40	0.0006557767243083517
38	0.0006557767243075676
43	0.0006557767243074422
41	0.0006557767243072913
39	0.0006557767243072544
44	0.0006557767243071799
42	0.0006557767243070502
37	0.0006557767243070363
32	0.0006193041278520872
30	0.0006193041278518662
31	0.0006193041278516472
34	0.0006193041278516407
33	0.0006193041278514619
35	0.0006193041278514027
29	0.0006193041278508283
22	0.0005762016307663867
27	0.0005762016307660873
26	0.0005762016307659797
24	0.0005762016307659456
25	0.0005762016307659254
23	0.0005762016307656506
18	0.0005246788055543033
16	0.0005246788055538363
20	0.0005246788055537563
19	0.0005246788055536998
17	0.0005246788055533505
12	0.0004622559947185772
13	0.00046225599471843627
14	0.0004622559947184361
11	0.00046225599471842776
7	0.00038540002955205675
9	0.00038540002955168276
8	0.0003854000295515136
5	0.00028890208181998244
4	0.0002889020818199714
2	0.00016475630853968063
