1	0.0012345679012345694
2	0.0012345679012345694
3	0.0012345679012345694
4	0.0012345679012345694
5	0.0012345679012345694
6	0.0012345679012345694
7	0.0012345679012345694
8	0.0012345679012345694
9	0.0012345679012345694
10	0.0012345679012345694
11	0.0012345679012345694
12	0.0012345679012345694
13	0.0012345679012345694
14	0.0012345679012345694
15	0.0012345679012345694
16	0.0012345679012345694
17	0.0012345679012345694
18	0.0012345679012345694
19	0.0012345679012345694
20	0.0012345679012345694
21	0.0012345679012345694
22	0.0012345679012345694
23	0.0012345679012345694
24	0.0012345679012345694
25	0.0012345679012345694
26	0.0012345679012345694
27	0.0012345679012345694
28	0.0012345679012345694
29	0.0012345679012345694
30	0.0012345679012345694
31	0.0012345679012345694
32	0.0012345679012345694
33	0.0012345679012345694
34	0.0012345679012345694
35	0.0012345679012345694
36	0.0012345679012345694
37	0.0012345679012345694
38	0.0012345679012345694
39	0.0012345679012345694
40	0.0012345679012345694
41	0.0012345679012345694
42	0.0012345679012345694
43	0.0012345679012345694
44	0.0012345679012345694
45	0.0012345679012345694
46	0.0012345679012345694
47	0.0012345679012345694
48	0.0012345679012345694
49	0.0012345679012345694
50	0.0012345679012345694
51	0.0012345679012345694
52	0.0012345679012345694
53	0.0012345679012345694
54	0.0012345679012345694
55	0.0012345679012345694
56	0.0012345679012345694
57	0.0012345679012345694
58	0.0012345679012345694
59	0.0012345679012345694
60	0.0012345679012345694
61	0.0012345679012345694
62	0.0012345679012345694
63	0.0012345679012345694
64	0.0012345679012345694
65	0.0012345679012345694
66	0.0012345679012345694
67	0.0012345679012345694
68	0.0012345679012345694
69	0.0012345679012345694
70	0.0012345679012345694
71	0.0012345679012345694
72	0.0012345679012345694
73	0.0012345679012345694
74	0.0012345679012345694
75	0.0012345679012345694
76	0.0012345679012345694
77	0.0012345679012345694
78	0.0012345679012345694
79	0.0012345679012345694
80	0.0012345679012345694
81	0.0012345679012345694
82	0.0012345679012345694
83	0.0012345679012345694
84	0.0012345679012345694
85	0.0012345679012345694
86	0.0012345679012345694
87	0.0012345679012345694
88	0.0012345679012345694
89	0.0012345679012345694
90	0.0012345679012345694
91	0.0012345679012345694
92	0.0012345679012345694
93	0.0012345679012345694
94	0.0012345679012345694
95	0.0012345679012345694
96	0.0012345679012345694
97	0.0012345679012345694
98	0.0012345679012345694
99	0.0012345679012345694
100	0.0012345679012345694
101	0.0012345679012345694
102	0.0012345679012345694
103	0.0012345679012345694
104	0.0012345679012345694
105	0.0012345679012345694
106	0.0012345679012345694
107	0.0012345679012345694
108	0.0012345679012345694
109	0.0012345679012345694
110	0.0012345679012345694
111	0.0012345679012345694
112	0.0012345679012345694
113	0.0012345679012345694
114	0.0012345679012345694
115	0.0012345679012345694
116	0.0012345679012345694
117	0.0012345679012345694
118	0.0012345679012345694
119	0.0012345679012345694
120	0.0012345679012345694
121	0.0012345679012345694
122	0.0012345679012345694
123	0.0012345679012345694
124	0.0012345679012345694
125	0.0012345679012345694
126	0.0012345679012345694
127	0.0012345679012345694
128	0.0012345679012345694
129	0.0012345679012345694
130	0.0012345679012345694
131	0.0012345679012345694
132	0.0012345679012345694
133	0.0012345679012345694
134	0.0012345679012345694
135	0.0012345679012345694
136	0.0012345679012345694
137	0.0012345679012345694
138	0.0012345679012345694
139	0.0012345679012345694
140	0.0012345679012345694
141	0.0012345679012345694
142	0.0012345679012345694
143	0.0012345679012345694
144	0.0012345679012345694
145	0.0012345679012345694
146	0.0012345679012345694
147	0.0012345679012345694
148	0.0012345679012345694
149	0.0012345679012345694
150	0.0012345679012345694
151	0.0012345679012345694
152	0.0012345679012345694
153	0.0012345679012345694
154	0.0012345679012345694
155	0.0012345679012345694
156	0.0012345679012345694
157	0.0012345679012345694
158	0.0012345679012345694
159	0.0012345679012345694
160	0.0012345679012345694
161	0.0012345679012345694
162	0.0012345679012345694
163	0.0012345679012345694
164	0.0012345679012345694
165	0.0012345679012345694
166	0.0012345679012345694
167	0.0012345679012345694
168	0.0012345679012345694
169	0.0012345679012345694
170	0.0012345679012345694
171	0.0012345679012345694
172	0.0012345679012345694
173	0.0012345679012345694
174	0.0012345679012345694
175	0.0012345679012345694
176	0.0012345679012345694
177	0.0012345679012345694
178	0.0012345679012345694
179	0.0012345679012345694
180	0.0012345679012345694
181	0.0012345679012345694
182	0.0012345679012345694
183	0.0012345679012345694
184	0.0012345679012345694
185	0.0012345679012345694
186	0.0012345679012345694
187	0.0012345679012345694
188	0.0012345679012345694
189	0.0012345679012345694
190	0.0012345679012345694
191	0.0012345679012345694
192	0.0012345679012345694
193	0.0012345679012345694
194	0.0012345679012345694
195	0.0012345679012345694
196	0.0012345679012345694
197	0.0012345679012345694
198	0.0012345679012345694
199	0.0012345679012345694
200	0.0012345679012345694
201	0.0012345679012345694
202	0.0012345679012345694
203	0.0012345679012345694
204	0.0012345679012345694
205	0.0012345679012345694
206	0.0012345679012345694
207	0.0012345679012345694
208	0.0012345679012345694
209	0.0012345679012345694
210	0.0012345679012345694
211	0.0012345679012345694
212	0.0012345679012345694
213	0.0012345679012345694
214	0.0012345679012345694
215	0.0012345679012345694
216	0.0012345679012345694
217	0.0012345679012345694
218	0.0012345679012345694
219	0.0012345679012345694
220	0.0012345679012345694
221	0.0012345679012345694
222	0.0012345679012345694
223	0.0012345679012345694
224	0.0012345679012345694
225	0.0012345679012345694
226	0.0012345679012345694
227	0.0012345679012345694
228	0.0012345679012345694
229	0.0012345679012345694
230	0.0012345679012345694
231	0.0012345679012345694
232	0.0012345679012345694
233	0.0012345679012345694
234	0.0012345679012345694
235	0.0012345679012345694
236	0.0012345679012345694
237	0.0012345679012345694
238	0.0012345679012345694
239	0.0012345679012345694
240	0.0012345679012345694
241	0.0012345679012345694
242	0.0012345679012345694
243	0.0012345679012345694
244	0.0012345679012345694
245	0.0012345679012345694
246	0.0012345679012345694
247	0.0012345679012345694
248	0.0012345679012345694
249	0.0012345679012345694
250	0.0012345679012345694
251	0.0012345679012345694
252	0.0012345679012345694
253	0.0012345679012345694
254	0.0012345679012345694
255	0.0012345679012345694
256	0.0012345679012345694
257	0.0012345679012345694
258	0.0012345679012345694
259	0.0012345679012345694
260	0.0012345679012345694
261	0.0012345679012345694
262	0.0012345679012345694
263	0.0012345679012345694
264	0.0012345679012345694
265	0.0012345679012345694
266	0.0012345679012345694
267	0.0012345679012345694
268	0.0012345679012345694
269	0.0012345679012345694
270	0.0012345679012345694
271	0.0012345679012345694
272	0.0012345679012345694
273	0.0012345679012345694
274	0.0012345679012345694
275	0.0012345679012345694
276	0.0012345679012345694
277	0.0012345679012345694
278	0.0012345679012345694
279	0.0012345679012345694
280	0.0012345679012345694
281	0.0012345679012345694
282	0.0012345679012345694
283	0.0012345679012345694
284	0.0012345679012345694
285	0.0012345679012345694
286	0.0012345679012345694
287	0.0012345679012345694
288	0.0012345679012345694
289	0.0012345679012345694
290	0.0012345679012345694
291	0.0012345679012345694
292	0.0012345679012345694
293	0.0012345679012345694
294	0.0012345679012345694
295	0.0012345679012345694
296	0.0012345679012345694
297	0.0012345679012345694
298	0.0012345679012345694
299	0.0012345679012345694
300	0.0012345679012345694
301	0.0012345679012345694
302	0.0012345679012345694
303	0.0012345679012345694
304	0.0012345679012345694
305	0.0012345679012345694
306	0.0012345679012345694
307	0.0012345679012345694
308	0.0012345679012345694
309	0.0012345679012345694
310	0.0012345679012345694
311	0.0012345679012345694
312	0.0012345679012345694
313	0.0012345679012345694
314	0.0012345679012345694
315	0.0012345679012345694
316	0.0012345679012345694
317	0.0012345679012345694
318	0.0012345679012345694
319	0.0012345679012345694
320	0.0012345679012345694
321	0.0012345679012345694
322	0.0012345679012345694
323	0.0012345679012345694
324	0.0012345679012345694
325	0.0012345679012345694
326	0.0012345679012345694
327	0.0012345679012345694
328	0.0012345679012345694
329	0.0012345679012345694
330	0.0012345679012345694
331	0.0012345679012345694
332	0.0012345679012345694
333	0.0012345679012345694
334	0.0012345679012345694
335	0.0012345679012345694
336	0.0012345679012345694
337	0.0012345679012345694
338	0.0012345679012345694
339	0.0012345679012345694
340	0.0012345679012345694
341	0.0012345679012345694
342	0.0012345679012345694
343	0.0012345679012345694
344	0.0012345679012345694
345	0.0012345679012345694
346	0.0012345679012345694
347	0.0012345679012345694
348	0.0012345679012345694
349	0.0012345679012345694
350	0.0012345679012345694
351	0.0012345679012345694
352	0.0012345679012345694
353	0.0012345679012345694
354	0.0012345679012345694
355	0.0012345679012345694
356	0.0012345679012345694
357	0.0012345679012345694
358	0.0012345679012345694
359	0.0012345679012345694
360	0.0012345679012345694
361	0.0012345679012345694
362	0.0012345679012345694
363	0.0012345679012345694
364	0.0012345679012345694
365	0.0012345679012345694
366	0.0012345679012345694
367	0.0012345679012345694
368	0.0012345679012345694
369	0.0012345679012345694
370	0.0012345679012345694
371	0.0012345679012345694
372	0.0012345679012345694
373	0.0012345679012345694
374	0.0012345679012345694
375	0.0012345679012345694
376	0.0012345679012345694
377	0.0012345679012345694
378	0.0012345679012345694
379	0.0012345679012345694
380	0.0012345679012345694
381	0.0012345679012345694
382	0.0012345679012345694
383	0.0012345679012345694
384	0.0012345679012345694
385	0.0012345679012345694
386	0.0012345679012345694
387	0.0012345679012345694
388	0.0012345679012345694
389	0.0012345679012345694
390	0.0012345679012345694
391	0.0012345679012345694
392	0.0012345679012345694
393	0.0012345679012345694
394	0.0012345679012345694
395	0.0012345679012345694
396	0.0012345679012345694
397	0.0012345679012345694
398	0.0012345679012345694
399	0.0012345679012345694
400	0.0012345679012345694
401	0.0012345679012345694
402	0.0012345679012345694
403	0.0012345679012345694
404	0.0012345679012345694
405	0.0012345679012345694
406	0.0012345679012345694
407	0.0012345679012345694
408	0.0012345679012345694
409	0.0012345679012345694
410	0.0012345679012345694
411	0.0012345679012345694
412	0.0012345679012345694
413	0.0012345679012345694
414	0.0012345679012345694
415	0.0012345679012345694
416	0.0012345679012345694
417	0.0012345679012345694
418	0.0012345679012345694
419	0.0012345679012345694
420	0.0012345679012345694
421	0.0012345679012345694
422	0.0012345679012345694
423	0.0012345679012345694
424	0.0012345679012345694
425	0.0012345679012345694
426	0.0012345679012345694
427	0.0012345679012345694
428	0.0012345679012345694
429	0.0012345679012345694
430	0.0012345679012345694
431	0.0012345679012345694
432	0.0012345679012345694
433	0.0012345679012345694
434	0.0012345679012345694
435	0.0012345679012345694
436	0.0012345679012345694
437	0.0012345679012345694
438	0.0012345679012345694
439	0.0012345679012345694
440	0.0012345679012345694
441	0.0012345679012345694
442	0.0012345679012345694
443	0.0012345679012345694
444	0.0012345679012345694
445	0.0012345679012345694
446	0.0012345679012345694
447	0.0012345679012345694
448	0.0012345679012345694
449	0.0012345679012345694
450	0.0012345679012345694
451	0.0012345679012345694
452	0.0012345679012345694
453	0.0012345679012345694
454	0.0012345679012345694
455	0.0012345679012345694
456	0.0012345679012345694
457	0.0012345679012345694
458	0.0012345679012345694
459	0.0012345679012345694
460	0.0012345679012345694
461	0.0012345679012345694
462	0.0012345679012345694
463	0.0012345679012345694
464	0.0012345679012345694
465	0.0012345679012345694
466	0.0012345679012345694
467	0.0012345679012345694
468	0.0012345679012345694
469	0.0012345679012345694
470	0.0012345679012345694
471	0.0012345679012345694
472	0.0012345679012345694
473	0.0012345679012345694
474	0.0012345679012345694
475	0.0012345679012345694
476	0.0012345679012345694
477	0.0012345679012345694
478	0.0012345679012345694
479	0.0012345679012345694
480	0.0012345679012345694
481	0.0012345679012345694
482	0.0012345679012345694
483	0.0012345679012345694
484	0.0012345679012345694
485	0.0012345679012345694
486	0.0012345679012345694
487	0.0012345679012345694
488	0.0012345679012345694
489	0.0012345679012345694
490	0.0012345679012345694
491	0.0012345679012345694
492	0.0012345679012345694
493	0.0012345679012345694
494	0.0012345679012345694
495	0.0012345679012345694
496	0.0012345679012345694
497	0.0012345679012345694
498	0.0012345679012345694
499	0.0012345679012345694
500	0.0012345679012345694
501	0.0012345679012345694
502	0.0012345679012345694
503	0.0012345679012345694
504	0.0012345679012345694
505	0.0012345679012345694
506	0.0012345679012345694
507	0.0012345679012345694
508	0.0012345679012345694
509	0.0012345679012345694
510	0.0012345679012345694
511	0.0012345679012345694
512	0.0012345679012345694
513	0.0012345679012345694
514	0.0012345679012345694
515	0.0012345679012345694
516	0.0012345679012345694
517	0.0012345679012345694
518	0.0012345679012345694
519	0.0012345679012345694
520	0.0012345679012345694
521	0.0012345679012345694
522	0.0012345679012345694
523	0.0012345679012345694
524	0.0012345679012345694
525	0.0012345679012345694
526	0.0012345679012345694
527	0.0012345679012345694
528	0.0012345679012345694
529	0.0012345679012345694
530	0.0012345679012345694
531	0.0012345679012345694
532	0.0012345679012345694
533	0.0012345679012345694
534	0.0012345679012345694
535	0.0012345679012345694
536	0.0012345679012345694
537	0.0012345679012345694
538	0.0012345679012345694
539	0.0012345679012345694
540	0.0012345679012345694
541	0.0012345679012345694
542	0.0012345679012345694
543	0.0012345679012345694
544	0.0012345679012345694
545	0.0012345679012345694
546	0.0012345679012345694
547	0.0012345679012345694
548	0.0012345679012345694
549	0.0012345679012345694
550	0.0012345679012345694
551	0.0012345679012345694
552	0.0012345679012345694
553	0.0012345679012345694
554	0.0012345679012345694
555	0.0012345679012345694
556	0.0012345679012345694
557	0.0012345679012345694
558	0.0012345679012345694
559	0.0012345679012345694
560	0.0012345679012345694
561	0.0012345679012345694
562	0.0012345679012345694
563	0.0012345679012345694
564	0.0012345679012345694
565	0.0012345679012345694
566	0.0012345679012345694
567	0.0012345679012345694
568	0.0012345679012345694
569	0.0012345679012345694
570	0.0012345679012345694
571	0.0012345679012345694
572	0.0012345679012345694
573	0.0012345679012345694
574	0.0012345679012345694
575	0.0012345679012345694
576	0.0012345679012345694
577	0.0012345679012345694
578	0.0012345679012345694
579	0.0012345679012345694
580	0.0012345679012345694
581	0.0012345679012345694
582	0.0012345679012345694
583	0.0012345679012345694
584	0.0012345679012345694
585	0.0012345679012345694
586	0.0012345679012345694
587	0.0012345679012345694
588	0.0012345679012345694
589	0.0012345679012345694
590	0.0012345679012345694
591	0.0012345679012345694
592	0.0012345679012345694
593	0.0012345679012345694
594	0.0012345679012345694
595	0.0012345679012345694
596	0.0012345679012345694
597	0.0012345679012345694
598	0.0012345679012345694
599	0.0012345679012345694
600	0.0012345679012345694
601	0.0012345679012345694
602	0.0012345679012345694
603	0.0012345679012345694
604	0.0012345679012345694
605	0.0012345679012345694
606	0.0012345679012345694
607	0.0012345679012345694
608	0.0012345679012345694
609	0.0012345679012345694
610	0.0012345679012345694
611	0.0012345679012345694
612	0.0012345679012345694
613	0.0012345679012345694
614	0.0012345679012345694
615	0.0012345679012345694
616	0.0012345679012345694
617	0.0012345679012345694
618	0.0012345679012345694
619	0.0012345679012345694
620	0.0012345679012345694
621	0.0012345679012345694
622	0.0012345679012345694
623	0.0012345679012345694
624	0.0012345679012345694
625	0.0012345679012345694
626	0.0012345679012345694
627	0.0012345679012345694
628	0.0012345679012345694
629	0.0012345679012345694
630	0.0012345679012345694
631	0.0012345679012345694
632	0.0012345679012345694
633	0.0012345679012345694
634	0.0012345679012345694
635	0.0012345679012345694
636	0.0012345679012345694
637	0.0012345679012345694
638	0.0012345679012345694
639	0.0012345679012345694
640	0.0012345679012345694
641	0.0012345679012345694
642	0.0012345679012345694
643	0.0012345679012345694
644	0.0012345679012345694
645	0.0012345679012345694
646	0.0012345679012345694
647	0.0012345679012345694
648	0.0012345679012345694
649	0.0012345679012345694
650	0.0012345679012345694
651	0.0012345679012345694
652	0.0012345679012345694
653	0.0012345679012345694
654	0.0012345679012345694
655	0.0012345679012345694
656	0.0012345679012345694
657	0.0012345679012345694
658	0.0012345679012345694
659	0.0012345679012345694
660	0.0012345679012345694
661	0.0012345679012345694
662	0.0012345679012345694
663	0.0012345679012345694
664	0.0012345679012345694
665	0.0012345679012345694
666	0.0012345679012345694
667	0.0012345679012345694
668	0.0012345679012345694
669	0.0012345679012345694
670	0.0012345679012345694
671	0.0012345679012345694
672	0.0012345679012345694
673	0.0012345679012345694
674	0.0012345679012345694
675	0.0012345679012345694
676	0.0012345679012345694
677	0.0012345679012345694
678	0.0012345679012345694
679	0.0012345679012345694
680	0.0012345679012345694
681	0.0012345679012345694
682	0.0012345679012345694
683	0.0012345679012345694
684	0.0012345679012345694
685	0.0012345679012345694
686	0.0012345679012345694
687	0.0012345679012345694
688	0.0012345679012345694
689	0.0012345679012345694
690	0.0012345679012345694
691	0.0012345679012345694
692	0.0012345679012345694
693	0.0012345679012345694
694	0.0012345679012345694
695	0.0012345679012345694
696	0.0012345679012345694
697	0.0012345679012345694
698	0.0012345679012345694
699	0.0012345679012345694
700	0.0012345679012345694
701	0.0012345679012345694
702	0.0012345679012345694
703	0.0012345679012345694
704	0.0012345679012345694
705	0.0012345679012345694
706	0.0012345679012345694
707	0.0012345679012345694
708	0.0012345679012345694
709	0.0012345679012345694
710	0.0012345679012345694
711	0.0012345679012345694
712	0.0012345679012345694
713	0.0012345679012345694
714	0.0012345679012345694
715	0.0012345679012345694
716	0.0012345679012345694
717	0.0012345679012345694
718	0.0012345679012345694
719	0.0012345679012345694
720	0.0012345679012345694
721	0.0012345679012345694
722	0.0012345679012345694
723	0.0012345679012345694
724	0.0012345679012345694
725	0.0012345679012345694
726	0.0012345679012345694
727	0.0012345679012345694
728	0.0012345679012345694
729	0.0012345679012345694
730	0.0012345679012345694
731	0.0012345679012345694
732	0.0012345679012345694
733	0.0012345679012345694
734	0.0012345679012345694
735	0.0012345679012345694
736	0.0012345679012345694
737	0.0012345679012345694
738	0.0012345679012345694
739	0.0012345679012345694
740	0.0012345679012345694
741	0.0012345679012345694
742	0.0012345679012345694
743	0.0012345679012345694
744	0.0012345679012345694
745	0.0012345679012345694
746	0.0012345679012345694
747	0.0012345679012345694
748	0.0012345679012345694
749	0.0012345679012345694
750	0.0012345679012345694
751	0.0012345679012345694
752	0.0012345679012345694
753	0.0012345679012345694
754	0.0012345679012345694
755	0.0012345679012345694
756	0.0012345679012345694
757	0.0012345679012345694
758	0.0012345679012345694
759	0.0012345679012345694
760	0.0012345679012345694
761	0.0012345679012345694
762	0.0012345679012345694
763	0.0012345679012345694
764	0.0012345679012345694
765	0.0012345679012345694
766	0.0012345679012345694
767	0.0012345679012345694
768	0.0012345679012345694
769	0.0012345679012345694
770	0.0012345679012345694
771	0.0012345679012345694
772	0.0012345679012345694
773	0.0012345679012345694
774	0.0012345679012345694
775	0.0012345679012345694
776	0.0012345679012345694
777	0.0012345679012345694
778	0.0012345679012345694
779	0.0012345679012345694
780	0.0012345679012345694
781	0.0012345679012345694
782	0.0012345679012345694
783	0.0012345679012345694
784	0.0012345679012345694
785	0.0012345679012345694
786	0.0012345679012345694
787	0.0012345679012345694
788	0.0012345679012345694
789	0.0012345679012345694
790	0.0012345679012345694
791	0.0012345679012345694
792	0.0012345679012345694
793	0.0012345679012345694
794	0.0012345679012345694
795	0.0012345679012345694
796	0.0012345679012345694
797	0.0012345679012345694
798	0.0012345679012345694
799	0.0012345679012345694
800	0.0012345679012345694
801	0.0012345679012345694
802	0.0012345679012345694
803	0.0012345679012345694
804	0.0012345679012345694
805	0.0012345679012345694
806	0.0012345679012345694
807	0.0012345679012345694
808	0.0012345679012345694
809	0.0012345679012345694
810	0.0012345679012345694
