1	0.0016393442622950703
2	0.0016393442622950703
3	0.0016393442622950703
4	0.0016393442622950703
5	0.0016393442622950703
6	0.0016393442622950703
7	0.0016393442622950703
8	0.0016393442622950703
9	0.0016393442622950703
10	0.0016393442622950703
11	0.0016393442622950703
12	0.0016393442622950703
13	0.0016393442622950703
14	0.0016393442622950703
15	0.0016393442622950703
16	0.0016393442622950703
17	0.0016393442622950703
18	0.0016393442622950703
19	0.0016393442622950703
20	0.0016393442622950703
21	0.0016393442622950703
22	0.0016393442622950703
23	0.0016393442622950703
24	0.0016393442622950703
25	0.0016393442622950703
26	0.0016393442622950703
27	0.0016393442622950703
28	0.0016393442622950703
29	0.0016393442622950703
30	0.0016393442622950703
31	0.0016393442622950703
32	0.0016393442622950703
33	0.0016393442622950703
34	0.0016393442622950703
35	0.0016393442622950703
36	0.0016393442622950703
37	0.0016393442622950703
38	0.0016393442622950703
39	0.0016393442622950703
40	0.0016393442622950703
41	0.0016393442622950703
42	0.0016393442622950703
43	0.0016393442622950703
44	0.0016393442622950703
45	0.0016393442622950703
46	0.0016393442622950703
47	0.0016393442622950703
48	0.0016393442622950703
49	0.0016393442622950703
50	0.0016393442622950703
51	0.0016393442622950703
52	0.0016393442622950703
53	0.0016393442622950703
54	0.0016393442622950703
55	0.0016393442622950703
56	0.0016393442622950703
57	0.0016393442622950703
58	0.0016393442622950703
59	0.0016393442622950703
60	0.0016393442622950703
61	0.0016393442622950703
62	0.0016393442622950703
63	0.0016393442622950703
64	0.0016393442622950703
65	0.0016393442622950703
66	0.0016393442622950703
67	0.0016393442622950703
68	0.0016393442622950703
69	0.0016393442622950703
70	0.0016393442622950703
71	0.0016393442622950703
72	0.0016393442622950703
73	0.0016393442622950703
74	0.0016393442622950703
75	0.0016393442622950703
76	0.0016393442622950703
77	0.0016393442622950703
78	0.0016393442622950703
79	0.0016393442622950703
80	0.0016393442622950703
81	0.0016393442622950703
82	0.0016393442622950703
83	0.0016393442622950703
84	0.0016393442622950703
85	0.0016393442622950703
86	0.0016393442622950703
87	0.0016393442622950703
88	0.0016393442622950703
89	0.0016393442622950703
90	0.0016393442622950703
91	0.0016393442622950703
92	0.0016393442622950703
93	0.0016393442622950703
94	0.0016393442622950703
95	0.0016393442622950703
96	0.0016393442622950703
97	0.0016393442622950703
98	0.0016393442622950703
99	0.0016393442622950703
100	0.0016393442622950703
101	0.0016393442622950703
102	0.0016393442622950703
103	0.0016393442622950703
104	0.0016393442622950703
105	0.0016393442622950703
106	0.0016393442622950703
107	0.0016393442622950703
108	0.0016393442622950703
109	0.0016393442622950703
110	0.0016393442622950703
111	0.0016393442622950703
112	0.0016393442622950703
113	0.0016393442622950703
114	0.0016393442622950703
115	0.0016393442622950703
116	0.0016393442622950703
117	0.0016393442622950703
118	0.0016393442622950703
119	0.0016393442622950703
120	0.0016393442622950703
121	0.0016393442622950703
122	0.0016393442622950703
123	0.0016393442622950703
124	0.0016393442622950703
125	0.0016393442622950703
126	0.0016393442622950703
127	0.0016393442622950703
128	0.0016393442622950703
129	0.0016393442622950703
130	0.0016393442622950703
131	0.0016393442622950703
132	0.0016393442622950703
133	0.0016393442622950703
134	0.0016393442622950703
135	0.0016393442622950703
136	0.0016393442622950703
137	0.0016393442622950703
138	0.0016393442622950703
139	0.0016393442622950703
140	0.0016393442622950703
141	0.0016393442622950703
142	0.0016393442622950703
143	0.0016393442622950703
144	0.0016393442622950703
145	0.0016393442622950703
146	0.0016393442622950703
147	0.0016393442622950703
148	0.0016393442622950703
149	0.0016393442622950703
150	0.0016393442622950703
151	0.0016393442622950703
152	0.0016393442622950703
153	0.0016393442622950703
154	0.0016393442622950703
155	0.0016393442622950703
156	0.0016393442622950703
157	0.0016393442622950703
158	0.0016393442622950703
159	0.0016393442622950703
160	0.0016393442622950703
161	0.0016393442622950703
162	0.0016393442622950703
163	0.0016393442622950703
164	0.0016393442622950703
165	0.0016393442622950703
166	0.0016393442622950703
167	0.0016393442622950703
168	0.0016393442622950703
169	0.0016393442622950703
170	0.0016393442622950703
171	0.0016393442622950703
172	0.0016393442622950703
173	0.0016393442622950703
174	0.0016393442622950703
175	0.0016393442622950703
176	0.0016393442622950703
177	0.0016393442622950703
178	0.0016393442622950703
179	0.0016393442622950703
180	0.0016393442622950703
181	0.0016393442622950703
182	0.0016393442622950703
183	0.0016393442622950703
184	0.0016393442622950703
185	0.0016393442622950703
186	0.0016393442622950703
187	0.0016393442622950703
188	0.0016393442622950703
189	0.0016393442622950703
190	0.0016393442622950703
191	0.0016393442622950703
192	0.0016393442622950703
193	0.0016393442622950703
194	0.0016393442622950703
195	0.0016393442622950703
196	0.0016393442622950703
197	0.0016393442622950703
198	0.0016393442622950703
199	0.0016393442622950703
200	0.0016393442622950703
201	0.0016393442622950703
202	0.0016393442622950703
203	0.0016393442622950703
204	0.0016393442622950703
205	0.0016393442622950703
206	0.0016393442622950703
207	0.0016393442622950703
208	0.0016393442622950703
209	0.0016393442622950703
210	0.0016393442622950703
211	0.0016393442622950703
212	0.0016393442622950703
213	0.0016393442622950703
214	0.0016393442622950703
215	0.0016393442622950703
216	0.0016393442622950703
217	0.0016393442622950703
218	0.0016393442622950703
219	0.0016393442622950703
220	0.0016393442622950703
221	0.0016393442622950703
222	0.0016393442622950703
223	0.0016393442622950703
224	0.0016393442622950703
225	0.0016393442622950703
226	0.0016393442622950703
227	0.0016393442622950703
228	0.0016393442622950703
229	0.0016393442622950703
230	0.0016393442622950703
231	0.0016393442622950703
232	0.0016393442622950703
233	0.0016393442622950703
234	0.0016393442622950703
235	0.0016393442622950703
236	0.0016393442622950703
237	0.0016393442622950703
238	0.0016393442622950703
239	0.0016393442622950703
240	0.0016393442622950703
241	0.0016393442622950703
242	0.0016393442622950703
243	0.0016393442622950703
244	0.0016393442622950703
245	0.0016393442622950703
246	0.0016393442622950703
247	0.0016393442622950703
248	0.0016393442622950703
249	0.0016393442622950703
250	0.0016393442622950703
251	0.0016393442622950703
252	0.0016393442622950703
253	0.0016393442622950703
254	0.0016393442622950703
255	0.0016393442622950703
256	0.0016393442622950703
257	0.0016393442622950703
258	0.0016393442622950703
259	0.0016393442622950703
260	0.0016393442622950703
261	0.0016393442622950703
262	0.0016393442622950703
263	0.0016393442622950703
264	0.0016393442622950703
265	0.0016393442622950703
266	0.0016393442622950703
267	0.0016393442622950703
268	0.0016393442622950703
269	0.0016393442622950703
270	0.0016393442622950703
271	0.0016393442622950703
272	0.0016393442622950703
273	0.0016393442622950703
274	0.0016393442622950703
275	0.0016393442622950703
276	0.0016393442622950703
277	0.0016393442622950703
278	0.0016393442622950703
279	0.0016393442622950703
280	0.0016393442622950703
281	0.0016393442622950703
282	0.0016393442622950703
283	0.0016393442622950703
284	0.0016393442622950703
285	0.0016393442622950703
286	0.0016393442622950703
287	0.0016393442622950703
288	0.0016393442622950703
289	0.0016393442622950703
290	0.0016393442622950703
291	0.0016393442622950703
292	0.0016393442622950703
293	0.0016393442622950703
294	0.0016393442622950703
295	0.0016393442622950703
296	0.0016393442622950703
297	0.0016393442622950703
298	0.0016393442622950703
299	0.0016393442622950703
300	0.0016393442622950703
301	0.0016393442622950703
302	0.0016393442622950703
303	0.0016393442622950703
304	0.0016393442622950703
305	0.0016393442622950703
306	0.0016393442622950703
307	0.0016393442622950703
308	0.0016393442622950703
309	0.0016393442622950703
310	0.0016393442622950703
311	0.0016393442622950703
312	0.0016393442622950703
313	0.0016393442622950703
314	0.0016393442622950703
315	0.0016393442622950703
316	0.0016393442622950703
317	0.0016393442622950703
318	0.0016393442622950703
319	0.0016393442622950703
320	0.0016393442622950703
321	0.0016393442622950703
322	0.0016393442622950703
323	0.0016393442622950703
324	0.0016393442622950703
325	0.0016393442622950703
326	0.0016393442622950703
327	0.0016393442622950703
328	0.0016393442622950703
329	0.0016393442622950703
330	0.0016393442622950703
331	0.0016393442622950703
332	0.0016393442622950703
333	0.0016393442622950703
334	0.0016393442622950703
335	0.0016393442622950703
336	0.0016393442622950703
337	0.0016393442622950703
338	0.0016393442622950703
339	0.0016393442622950703
340	0.0016393442622950703
341	0.0016393442622950703
342	0.0016393442622950703
343	0.0016393442622950703
344	0.0016393442622950703
345	0.0016393442622950703
346	0.0016393442622950703
347	0.0016393442622950703
348	0.0016393442622950703
349	0.0016393442622950703
350	0.0016393442622950703
351	0.0016393442622950703
352	0.0016393442622950703
353	0.0016393442622950703
354	0.0016393442622950703
355	0.0016393442622950703
356	0.0016393442622950703
357	0.0016393442622950703
358	0.0016393442622950703
359	0.0016393442622950703
360	0.0016393442622950703
361	0.0016393442622950703
362	0.0016393442622950703
363	0.0016393442622950703
364	0.0016393442622950703
365	0.0016393442622950703
366	0.0016393442622950703
367	0.0016393442622950703
368	0.0016393442622950703
369	0.0016393442622950703
370	0.0016393442622950703
371	0.0016393442622950703
372	0.0016393442622950703
373	0.0016393442622950703
374	0.0016393442622950703
375	0.0016393442622950703
376	0.0016393442622950703
377	0.0016393442622950703
378	0.0016393442622950703
379	0.0016393442622950703
380	0.0016393442622950703
381	0.0016393442622950703
382	0.0016393442622950703
383	0.0016393442622950703
384	0.0016393442622950703
385	0.0016393442622950703
386	0.0016393442622950703
387	0.0016393442622950703
388	0.0016393442622950703
389	0.0016393442622950703
390	0.0016393442622950703
391	0.0016393442622950703
392	0.0016393442622950703
393	0.0016393442622950703
394	0.0016393442622950703
395	0.0016393442622950703
396	0.0016393442622950703
397	0.0016393442622950703
398	0.0016393442622950703
399	0.0016393442622950703
400	0.0016393442622950703
401	0.0016393442622950703
402	0.0016393442622950703
403	0.0016393442622950703
404	0.0016393442622950703
405	0.0016393442622950703
406	0.0016393442622950703
407	0.0016393442622950703
408	0.0016393442622950703
409	0.0016393442622950703
410	0.0016393442622950703
411	0.0016393442622950703
412	0.0016393442622950703
413	0.0016393442622950703
414	0.0016393442622950703
415	0.0016393442622950703
416	0.0016393442622950703
417	0.0016393442622950703
418	0.0016393442622950703
419	0.0016393442622950703
420	0.0016393442622950703
421	0.0016393442622950703
422	0.0016393442622950703
423	0.0016393442622950703
424	0.0016393442622950703
425	0.0016393442622950703
426	0.0016393442622950703
427	0.0016393442622950703
428	0.0016393442622950703
429	0.0016393442622950703
430	0.0016393442622950703
431	0.0016393442622950703
432	0.0016393442622950703
433	0.0016393442622950703
434	0.0016393442622950703
435	0.0016393442622950703
436	0.0016393442622950703
437	0.0016393442622950703
438	0.0016393442622950703
439	0.0016393442622950703
440	0.0016393442622950703
441	0.0016393442622950703
442	0.0016393442622950703
443	0.0016393442622950703
444	0.0016393442622950703
445	0.0016393442622950703
446	0.0016393442622950703
447	0.0016393442622950703
448	0.0016393442622950703
449	0.0016393442622950703
450	0.0016393442622950703
451	0.0016393442622950703
452	0.0016393442622950703
453	0.0016393442622950703
454	0.0016393442622950703
455	0.0016393442622950703
456	0.0016393442622950703
457	0.0016393442622950703
458	0.0016393442622950703
459	0.0016393442622950703
460	0.0016393442622950703
461	0.0016393442622950703
462	0.0016393442622950703
463	0.0016393442622950703
464	0.0016393442622950703
465	0.0016393442622950703
466	0.0016393442622950703
467	0.0016393442622950703
468	0.0016393442622950703
469	0.0016393442622950703
470	0.0016393442622950703
471	0.0016393442622950703
472	0.0016393442622950703
473	0.0016393442622950703
474	0.0016393442622950703
475	0.0016393442622950703
476	0.0016393442622950703
477	0.0016393442622950703
478	0.0016393442622950703
479	0.0016393442622950703
480	0.0016393442622950703
481	0.0016393442622950703
482	0.0016393442622950703
483	0.0016393442622950703
484	0.0016393442622950703
485	0.0016393442622950703
486	0.0016393442622950703
487	0.0016393442622950703
488	0.0016393442622950703
489	0.0016393442622950703
490	0.0016393442622950703
491	0.0016393442622950703
492	0.0016393442622950703
493	0.0016393442622950703
494	0.0016393442622950703
495	0.0016393442622950703
496	0.0016393442622950703
497	0.0016393442622950703
498	0.0016393442622950703
499	0.0016393442622950703
500	0.0016393442622950703
501	0.0016393442622950703
502	0.0016393442622950703
503	0.0016393442622950703
504	0.0016393442622950703
505	0.0016393442622950703
506	0.0016393442622950703
507	0.0016393442622950703
508	0.0016393442622950703
509	0.0016393442622950703
510	0.0016393442622950703
511	0.0016393442622950703
512	0.0016393442622950703
513	0.0016393442622950703
514	0.0016393442622950703
515	0.0016393442622950703
516	0.0016393442622950703
517	0.0016393442622950703
518	0.0016393442622950703
519	0.0016393442622950703
520	0.0016393442622950703
521	0.0016393442622950703
522	0.0016393442622950703
523	0.0016393442622950703
524	0.0016393442622950703
525	0.0016393442622950703
526	0.0016393442622950703
527	0.0016393442622950703
528	0.0016393442622950703
529	0.0016393442622950703
530	0.0016393442622950703
531	0.0016393442622950703
532	0.0016393442622950703
533	0.0016393442622950703
534	0.0016393442622950703
535	0.0016393442622950703
536	0.0016393442622950703
537	0.0016393442622950703
538	0.0016393442622950703
539	0.0016393442622950703
540	0.0016393442622950703
541	0.0016393442622950703
542	0.0016393442622950703
543	0.0016393442622950703
544	0.0016393442622950703
545	0.0016393442622950703
546	0.0016393442622950703
547	0.0016393442622950703
548	0.0016393442622950703
549	0.0016393442622950703
550	0.0016393442622950703
551	0.0016393442622950703
552	0.0016393442622950703
553	0.0016393442622950703
554	0.0016393442622950703
555	0.0016393442622950703
556	0.0016393442622950703
557	0.0016393442622950703
558	0.0016393442622950703
559	0.0016393442622950703
560	0.0016393442622950703
561	0.0016393442622950703
562	0.0016393442622950703
563	0.0016393442622950703
564	0.0016393442622950703
565	0.0016393442622950703
566	0.0016393442622950703
567	0.0016393442622950703
568	0.0016393442622950703
569	0.0016393442622950703
570	0.0016393442622950703
571	0.0016393442622950703
572	0.0016393442622950703
573	0.0016393442622950703
574	0.0016393442622950703
575	0.0016393442622950703
576	0.0016393442622950703
577	0.0016393442622950703
578	0.0016393442622950703
579	0.0016393442622950703
580	0.0016393442622950703
581	0.0016393442622950703
582	0.0016393442622950703
583	0.0016393442622950703
584	0.0016393442622950703
585	0.0016393442622950703
586	0.0016393442622950703
587	0.0016393442622950703
588	0.0016393442622950703
589	0.0016393442622950703
590	0.0016393442622950703
591	0.0016393442622950703
592	0.0016393442622950703
593	0.0016393442622950703
594	0.0016393442622950703
595	0.0016393442622950703
596	0.0016393442622950703
597	0.0016393442622950703
598	0.0016393442622950703
599	0.0016393442622950703
600	0.0016393442622950703
601	0.0016393442622950703
602	0.0016393442622950703
603	0.0016393442622950703
604	0.0016393442622950703
605	0.0016393442622950703
606	0.0016393442622950703
607	0.0016393442622950703
608	0.0016393442622950703
609	0.0016393442622950703
610	0.0016393442622950703
