1	0.0008264462809917502
2	0.0008264462809917502
3	0.0008264462809917502
4	0.0008264462809917502
5	0.0008264462809917502
6	0.0008264462809917502
7	0.0008264462809917502
8	0.0008264462809917502
9	0.0008264462809917502
10	0.0008264462809917502
11	0.0008264462809917502
12	0.0008264462809917502
13	0.0008264462809917502
14	0.0008264462809917502
15	0.0008264462809917502
16	0.0008264462809917502
17	0.0008264462809917502
18	0.0008264462809917502
19	0.0008264462809917502
20	0.0008264462809917502
21	0.0008264462809917502
22	0.0008264462809917502
23	0.0008264462809917502
24	0.0008264462809917502
25	0.0008264462809917502
26	0.0008264462809917502
27	0.0008264462809917502
28	0.0008264462809917502
29	0.0008264462809917502
30	0.0008264462809917502
31	0.0008264462809917502
32	0.0008264462809917502
33	0.0008264462809917502
34	0.0008264462809917502
35	0.0008264462809917502
36	0.0008264462809917502
37	0.0008264462809917502
38	0.0008264462809917502
39	0.0008264462809917502
40	0.0008264462809917502
41	0.0008264462809917502
42	0.0008264462809917502
43	0.0008264462809917502
44	0.0008264462809917502
45	0.0008264462809917502
46	0.0008264462809917502
47	0.0008264462809917502
48	0.0008264462809917502
49	0.0008264462809917502
50	0.0008264462809917502
51	0.0008264462809917502
52	0.0008264462809917502
53	0.0008264462809917502
54	0.0008264462809917502
55	0.0008264462809917502
56	0.0008264462809917502
57	0.0008264462809917502
58	0.0008264462809917502
59	0.0008264462809917502
60	0.0008264462809917502
61	0.0008264462809917502
62	0.0008264462809917502
63	0.0008264462809917502
64	0.0008264462809917502
65	0.0008264462809917502
66	0.0008264462809917502
67	0.0008264462809917502
68	0.0008264462809917502
69	0.0008264462809917502
70	0.0008264462809917502
71	0.0008264462809917502
72	0.0008264462809917502
73	0.0008264462809917502
74	0.0008264462809917502
75	0.0008264462809917502
76	0.0008264462809917502
77	0.0008264462809917502
78	0.0008264462809917502
79	0.0008264462809917502
80	0.0008264462809917502
81	0.0008264462809917502
82	0.0008264462809917502
83	0.0008264462809917502
84	0.0008264462809917502
85	0.0008264462809917502
86	0.0008264462809917502
87	0.0008264462809917502
88	0.0008264462809917502
89	0.0008264462809917502
90	0.0008264462809917502
91	0.0008264462809917502
92	0.0008264462809917502
93	0.0008264462809917502
94	0.0008264462809917502
95	0.0008264462809917502
96	0.0008264462809917502
97	0.0008264462809917502
98	0.0008264462809917502
99	0.0008264462809917502
100	0.0008264462809917502
101	0.0008264462809917502
102	0.0008264462809917502
103	0.0008264462809917502
104	0.0008264462809917502
105	0.0008264462809917502
106	0.0008264462809917502
107	0.0008264462809917502
108	0.0008264462809917502
109	0.0008264462809917502
110	0.0008264462809917502
111	0.0008264462809917502
112	0.0008264462809917502
113	0.0008264462809917502
114	0.0008264462809917502
115	0.0008264462809917502
116	0.0008264462809917502
117	0.0008264462809917502
118	0.0008264462809917502
119	0.0008264462809917502
120	0.0008264462809917502
121	0.0008264462809917502
122	0.0008264462809917502
123	0.0008264462809917502
124	0.0008264462809917502
125	0.0008264462809917502
126	0.0008264462809917502
127	0.0008264462809917502
128	0.0008264462809917502
129	0.0008264462809917502
130	0.0008264462809917502
131	0.0008264462809917502
132	0.0008264462809917502
133	0.0008264462809917502
134	0.0008264462809917502
135	0.0008264462809917502
136	0.0008264462809917502
137	0.0008264462809917502
138	0.0008264462809917502
139	0.0008264462809917502
140	0.0008264462809917502
141	0.0008264462809917502
142	0.0008264462809917502
143	0.0008264462809917502
144	0.0008264462809917502
145	0.0008264462809917502
146	0.0008264462809917502
147	0.0008264462809917502
148	0.0008264462809917502
149	0.0008264462809917502
150	0.0008264462809917502
151	0.0008264462809917502
152	0.0008264462809917502
153	0.0008264462809917502
154	0.0008264462809917502
155	0.0008264462809917502
156	0.0008264462809917502
157	0.0008264462809917502
158	0.0008264462809917502
159	0.0008264462809917502
160	0.0008264462809917502
161	0.0008264462809917502
162	0.0008264462809917502
163	0.0008264462809917502
164	0.0008264462809917502
165	0.0008264462809917502
166	0.0008264462809917502
167	0.0008264462809917502
168	0.0008264462809917502
169	0.0008264462809917502
170	0.0008264462809917502
171	0.0008264462809917502
172	0.0008264462809917502
173	0.0008264462809917502
174	0.0008264462809917502
175	0.0008264462809917502
176	0.0008264462809917502
177	0.0008264462809917502
178	0.0008264462809917502
179	0.0008264462809917502
180	0.0008264462809917502
181	0.0008264462809917502
182	0.0008264462809917502
183	0.0008264462809917502
184	0.0008264462809917502
185	0.0008264462809917502
186	0.0008264462809917502
187	0.0008264462809917502
188	0.0008264462809917502
189	0.0008264462809917502
190	0.0008264462809917502
191	0.0008264462809917502
192	0.0008264462809917502
193	0.0008264462809917502
194	0.0008264462809917502
195	0.0008264462809917502
196	0.0008264462809917502
197	0.0008264462809917502
198	0.0008264462809917502
199	0.0008264462809917502
200	0.0008264462809917502
201	0.0008264462809917502
202	0.0008264462809917502
203	0.0008264462809917502
204	0.0008264462809917502
205	0.0008264462809917502
206	0.0008264462809917502
207	0.0008264462809917502
208	0.0008264462809917502
209	0.0008264462809917502
210	0.0008264462809917502
211	0.0008264462809917502
212	0.0008264462809917502
213	0.0008264462809917502
214	0.0008264462809917502
215	0.0008264462809917502
216	0.0008264462809917502
217	0.0008264462809917502
218	0.0008264462809917502
219	0.0008264462809917502
220	0.0008264462809917502
221	0.0008264462809917502
222	0.0008264462809917502
223	0.0008264462809917502
224	0.0008264462809917502
225	0.0008264462809917502
226	0.0008264462809917502
227	0.0008264462809917502
228	0.0008264462809917502
229	0.0008264462809917502
230	0.0008264462809917502
231	0.0008264462809917502
232	0.0008264462809917502
233	0.0008264462809917502
234	0.0008264462809917502
235	0.0008264462809917502
236	0.0008264462809917502
237	0.0008264462809917502
238	0.0008264462809917502
239	0.0008264462809917502
240	0.0008264462809917502
241	0.0008264462809917502
242	0.0008264462809917502
243	0.0008264462809917502
244	0.0008264462809917502
245	0.0008264462809917502
246	0.0008264462809917502
247	0.0008264462809917502
248	0.0008264462809917502
249	0.0008264462809917502
250	0.0008264462809917502
251	0.0008264462809917502
252	0.0008264462809917502
253	0.0008264462809917502
254	0.0008264462809917502
255	0.0008264462809917502
256	0.0008264462809917502
257	0.0008264462809917502
258	0.0008264462809917502
259	0.0008264462809917502
260	0.0008264462809917502
261	0.0008264462809917502
262	0.0008264462809917502
263	0.0008264462809917502
264	0.0008264462809917502
265	0.0008264462809917502
266	0.0008264462809917502
267	0.0008264462809917502
268	0.0008264462809917502
269	0.0008264462809917502
270	0.0008264462809917502
271	0.0008264462809917502
272	0.0008264462809917502
273	0.0008264462809917502
274	0.0008264462809917502
275	0.0008264462809917502
276	0.0008264462809917502
277	0.0008264462809917502
278	0.0008264462809917502
279	0.0008264462809917502
280	0.0008264462809917502
281	0.0008264462809917502
282	0.0008264462809917502
283	0.0008264462809917502
284	0.0008264462809917502
285	0.0008264462809917502
286	0.0008264462809917502
287	0.0008264462809917502
288	0.0008264462809917502
289	0.0008264462809917502
290	0.0008264462809917502
291	0.0008264462809917502
292	0.0008264462809917502
293	0.0008264462809917502
294	0.0008264462809917502
295	0.0008264462809917502
296	0.0008264462809917502
297	0.0008264462809917502
298	0.0008264462809917502
299	0.0008264462809917502
300	0.0008264462809917502
301	0.0008264462809917502
302	0.0008264462809917502
303	0.0008264462809917502
304	0.0008264462809917502
305	0.0008264462809917502
306	0.0008264462809917502
307	0.0008264462809917502
308	0.0008264462809917502
309	0.0008264462809917502
310	0.0008264462809917502
311	0.0008264462809917502
312	0.0008264462809917502
313	0.0008264462809917502
314	0.0008264462809917502
315	0.0008264462809917502
316	0.0008264462809917502
317	0.0008264462809917502
318	0.0008264462809917502
319	0.0008264462809917502
320	0.0008264462809917502
321	0.0008264462809917502
322	0.0008264462809917502
323	0.0008264462809917502
324	0.0008264462809917502
325	0.0008264462809917502
326	0.0008264462809917502
327	0.0008264462809917502
328	0.0008264462809917502
329	0.0008264462809917502
330	0.0008264462809917502
331	0.0008264462809917502
332	0.0008264462809917502
333	0.0008264462809917502
334	0.0008264462809917502
335	0.0008264462809917502
336	0.0008264462809917502
337	0.0008264462809917502
338	0.0008264462809917502
339	0.0008264462809917502
340	0.0008264462809917502
341	0.0008264462809917502
342	0.0008264462809917502
343	0.0008264462809917502
344	0.0008264462809917502
345	0.0008264462809917502
346	0.0008264462809917502
347	0.0008264462809917502
348	0.0008264462809917502
349	0.0008264462809917502
350	0.0008264462809917502
351	0.0008264462809917502
352	0.0008264462809917502
353	0.0008264462809917502
354	0.0008264462809917502
355	0.0008264462809917502
356	0.0008264462809917502
357	0.0008264462809917502
358	0.0008264462809917502
359	0.0008264462809917502
360	0.0008264462809917502
361	0.0008264462809917502
362	0.0008264462809917502
363	0.0008264462809917502
364	0.0008264462809917502
365	0.0008264462809917502
366	0.0008264462809917502
367	0.0008264462809917502
368	0.0008264462809917502
369	0.0008264462809917502
370	0.0008264462809917502
371	0.0008264462809917502
372	0.0008264462809917502
373	0.0008264462809917502
374	0.0008264462809917502
375	0.0008264462809917502
376	0.0008264462809917502
377	0.0008264462809917502
378	0.0008264462809917502
379	0.0008264462809917502
380	0.0008264462809917502
381	0.0008264462809917502
382	0.0008264462809917502
383	0.0008264462809917502
384	0.0008264462809917502
385	0.0008264462809917502
386	0.0008264462809917502
387	0.0008264462809917502
388	0.0008264462809917502
389	0.0008264462809917502
390	0.0008264462809917502
391	0.0008264462809917502
392	0.0008264462809917502
393	0.0008264462809917502
394	0.0008264462809917502
395	0.0008264462809917502
396	0.0008264462809917502
397	0.0008264462809917502
398	0.0008264462809917502
399	0.0008264462809917502
400	0.0008264462809917502
401	0.0008264462809917502
402	0.0008264462809917502
403	0.0008264462809917502
404	0.0008264462809917502
405	0.0008264462809917502
406	0.0008264462809917502
407	0.0008264462809917502
408	0.0008264462809917502
409	0.0008264462809917502
410	0.0008264462809917502
411	0.0008264462809917502
412	0.0008264462809917502
413	0.0008264462809917502
414	0.0008264462809917502
415	0.0008264462809917502
416	0.0008264462809917502
417	0.0008264462809917502
418	0.0008264462809917502
419	0.0008264462809917502
420	0.0008264462809917502
421	0.0008264462809917502
422	0.0008264462809917502
423	0.0008264462809917502
424	0.0008264462809917502
425	0.0008264462809917502
426	0.0008264462809917502
427	0.0008264462809917502
428	0.0008264462809917502
429	0.0008264462809917502
430	0.0008264462809917502
431	0.0008264462809917502
432	0.0008264462809917502
433	0.0008264462809917502
434	0.0008264462809917502
435	0.0008264462809917502
436	0.0008264462809917502
437	0.0008264462809917502
438	0.0008264462809917502
439	0.0008264462809917502
440	0.0008264462809917502
441	0.0008264462809917502
442	0.0008264462809917502
443	0.0008264462809917502
444	0.0008264462809917502
445	0.0008264462809917502
446	0.0008264462809917502
447	0.0008264462809917502
448	0.0008264462809917502
449	0.0008264462809917502
450	0.0008264462809917502
451	0.0008264462809917502
452	0.0008264462809917502
453	0.0008264462809917502
454	0.0008264462809917502
455	0.0008264462809917502
456	0.0008264462809917502
457	0.0008264462809917502
458	0.0008264462809917502
459	0.0008264462809917502
460	0.0008264462809917502
461	0.0008264462809917502
462	0.0008264462809917502
463	0.0008264462809917502
464	0.0008264462809917502
465	0.0008264462809917502
466	0.0008264462809917502
467	0.0008264462809917502
468	0.0008264462809917502
469	0.0008264462809917502
470	0.0008264462809917502
471	0.0008264462809917502
472	0.0008264462809917502
473	0.0008264462809917502
474	0.0008264462809917502
475	0.0008264462809917502
476	0.0008264462809917502
477	0.0008264462809917502
478	0.0008264462809917502
479	0.0008264462809917502
480	0.0008264462809917502
481	0.0008264462809917502
482	0.0008264462809917502
483	0.0008264462809917502
484	0.0008264462809917502
485	0.0008264462809917502
486	0.0008264462809917502
487	0.0008264462809917502
488	0.0008264462809917502
489	0.0008264462809917502
490	0.0008264462809917502
491	0.0008264462809917502
492	0.0008264462809917502
493	0.0008264462809917502
494	0.0008264462809917502
495	0.0008264462809917502
496	0.0008264462809917502
497	0.0008264462809917502
498	0.0008264462809917502
499	0.0008264462809917502
500	0.0008264462809917502
501	0.0008264462809917502
502	0.0008264462809917502
503	0.0008264462809917502
504	0.0008264462809917502
505	0.0008264462809917502
506	0.0008264462809917502
507	0.0008264462809917502
508	0.0008264462809917502
509	0.0008264462809917502
510	0.0008264462809917502
511	0.0008264462809917502
512	0.0008264462809917502
513	0.0008264462809917502
514	0.0008264462809917502
515	0.0008264462809917502
516	0.0008264462809917502
517	0.0008264462809917502
518	0.0008264462809917502
519	0.0008264462809917502
520	0.0008264462809917502
521	0.0008264462809917502
522	0.0008264462809917502
523	0.0008264462809917502
524	0.0008264462809917502
525	0.0008264462809917502
526	0.0008264462809917502
527	0.0008264462809917502
528	0.0008264462809917502
529	0.0008264462809917502
530	0.0008264462809917502
531	0.0008264462809917502
532	0.0008264462809917502
533	0.0008264462809917502
534	0.0008264462809917502
535	0.0008264462809917502
536	0.0008264462809917502
537	0.0008264462809917502
538	0.0008264462809917502
539	0.0008264462809917502
540	0.0008264462809917502
541	0.0008264462809917502
542	0.0008264462809917502
543	0.0008264462809917502
544	0.0008264462809917502
545	0.0008264462809917502
546	0.0008264462809917502
547	0.0008264462809917502
548	0.0008264462809917502
549	0.0008264462809917502
550	0.0008264462809917502
551	0.0008264462809917502
552	0.0008264462809917502
553	0.0008264462809917502
554	0.0008264462809917502
555	0.0008264462809917502
556	0.0008264462809917502
557	0.0008264462809917502
558	0.0008264462809917502
559	0.0008264462809917502
560	0.0008264462809917502
561	0.0008264462809917502
562	0.0008264462809917502
563	0.0008264462809917502
564	0.0008264462809917502
565	0.0008264462809917502
566	0.0008264462809917502
567	0.0008264462809917502
568	0.0008264462809917502
569	0.0008264462809917502
570	0.0008264462809917502
571	0.0008264462809917502
572	0.0008264462809917502
573	0.0008264462809917502
574	0.0008264462809917502
575	0.0008264462809917502
576	0.0008264462809917502
577	0.0008264462809917502
578	0.0008264462809917502
579	0.0008264462809917502
580	0.0008264462809917502
581	0.0008264462809917502
582	0.0008264462809917502
583	0.0008264462809917502
584	0.0008264462809917502
585	0.0008264462809917502
586	0.0008264462809917502
587	0.0008264462809917502
588	0.0008264462809917502
589	0.0008264462809917502
590	0.0008264462809917502
591	0.0008264462809917502
592	0.0008264462809917502
593	0.0008264462809917502
594	0.0008264462809917502
595	0.0008264462809917502
596	0.0008264462809917502
597	0.0008264462809917502
598	0.0008264462809917502
599	0.0008264462809917502
600	0.0008264462809917502
601	0.0008264462809917502
602	0.0008264462809917502
603	0.0008264462809917502
604	0.0008264462809917502
605	0.0008264462809917502
606	0.0008264462809917502
607	0.0008264462809917502
608	0.0008264462809917502
609	0.0008264462809917502
610	0.0008264462809917502
611	0.0008264462809917502
612	0.0008264462809917502
613	0.0008264462809917502
614	0.0008264462809917502
615	0.0008264462809917502
616	0.0008264462809917502
617	0.0008264462809917502
618	0.0008264462809917502
619	0.0008264462809917502
620	0.0008264462809917502
621	0.0008264462809917502
622	0.0008264462809917502
623	0.0008264462809917502
624	0.0008264462809917502
625	0.0008264462809917502
626	0.0008264462809917502
627	0.0008264462809917502
628	0.0008264462809917502
629	0.0008264462809917502
630	0.0008264462809917502
631	0.0008264462809917502
632	0.0008264462809917502
633	0.0008264462809917502
634	0.0008264462809917502
635	0.0008264462809917502
636	0.0008264462809917502
637	0.0008264462809917502
638	0.0008264462809917502
639	0.0008264462809917502
640	0.0008264462809917502
641	0.0008264462809917502
642	0.0008264462809917502
643	0.0008264462809917502
644	0.0008264462809917502
645	0.0008264462809917502
646	0.0008264462809917502
647	0.0008264462809917502
648	0.0008264462809917502
649	0.0008264462809917502
650	0.0008264462809917502
651	0.0008264462809917502
652	0.0008264462809917502
653	0.0008264462809917502
654	0.0008264462809917502
655	0.0008264462809917502
656	0.0008264462809917502
657	0.0008264462809917502
658	0.0008264462809917502
659	0.0008264462809917502
660	0.0008264462809917502
661	0.0008264462809917502
662	0.0008264462809917502
663	0.0008264462809917502
664	0.0008264462809917502
665	0.0008264462809917502
666	0.0008264462809917502
667	0.0008264462809917502
668	0.0008264462809917502
669	0.0008264462809917502
670	0.0008264462809917502
671	0.0008264462809917502
672	0.0008264462809917502
673	0.0008264462809917502
674	0.0008264462809917502
675	0.0008264462809917502
676	0.0008264462809917502
677	0.0008264462809917502
678	0.0008264462809917502
679	0.0008264462809917502
680	0.0008264462809917502
681	0.0008264462809917502
682	0.0008264462809917502
683	0.0008264462809917502
684	0.0008264462809917502
685	0.0008264462809917502
686	0.0008264462809917502
687	0.0008264462809917502
688	0.0008264462809917502
689	0.0008264462809917502
690	0.0008264462809917502
691	0.0008264462809917502
692	0.0008264462809917502
693	0.0008264462809917502
694	0.0008264462809917502
695	0.0008264462809917502
696	0.0008264462809917502
697	0.0008264462809917502
698	0.0008264462809917502
699	0.0008264462809917502
700	0.0008264462809917502
701	0.0008264462809917502
702	0.0008264462809917502
703	0.0008264462809917502
704	0.0008264462809917502
705	0.0008264462809917502
706	0.0008264462809917502
707	0.0008264462809917502
708	0.0008264462809917502
709	0.0008264462809917502
710	0.0008264462809917502
711	0.0008264462809917502
712	0.0008264462809917502
713	0.0008264462809917502
714	0.0008264462809917502
715	0.0008264462809917502
716	0.0008264462809917502
717	0.0008264462809917502
718	0.0008264462809917502
719	0.0008264462809917502
720	0.0008264462809917502
721	0.0008264462809917502
722	0.0008264462809917502
723	0.0008264462809917502
724	0.0008264462809917502
725	0.0008264462809917502
726	0.0008264462809917502
727	0.0008264462809917502
728	0.0008264462809917502
729	0.0008264462809917502
730	0.0008264462809917502
731	0.0008264462809917502
732	0.0008264462809917502
733	0.0008264462809917502
734	0.0008264462809917502
735	0.0008264462809917502
736	0.0008264462809917502
737	0.0008264462809917502
738	0.0008264462809917502
739	0.0008264462809917502
740	0.0008264462809917502
741	0.0008264462809917502
742	0.0008264462809917502
743	0.0008264462809917502
744	0.0008264462809917502
745	0.0008264462809917502
746	0.0008264462809917502
747	0.0008264462809917502
748	0.0008264462809917502
749	0.0008264462809917502
750	0.0008264462809917502
751	0.0008264462809917502
752	0.0008264462809917502
753	0.0008264462809917502
754	0.0008264462809917502
755	0.0008264462809917502
756	0.0008264462809917502
757	0.0008264462809917502
758	0.0008264462809917502
759	0.0008264462809917502
760	0.0008264462809917502
761	0.0008264462809917502
762	0.0008264462809917502
763	0.0008264462809917502
764	0.0008264462809917502
765	0.0008264462809917502
766	0.0008264462809917502
767	0.0008264462809917502
768	0.0008264462809917502
769	0.0008264462809917502
770	0.0008264462809917502
771	0.0008264462809917502
772	0.0008264462809917502
773	0.0008264462809917502
774	0.0008264462809917502
775	0.0008264462809917502
776	0.0008264462809917502
777	0.0008264462809917502
778	0.0008264462809917502
779	0.0008264462809917502
780	0.0008264462809917502
781	0.0008264462809917502
782	0.0008264462809917502
783	0.0008264462809917502
784	0.0008264462809917502
785	0.0008264462809917502
786	0.0008264462809917502
787	0.0008264462809917502
788	0.0008264462809917502
789	0.0008264462809917502
790	0.0008264462809917502
791	0.0008264462809917502
792	0.0008264462809917502
793	0.0008264462809917502
794	0.0008264462809917502
795	0.0008264462809917502
796	0.0008264462809917502
797	0.0008264462809917502
798	0.0008264462809917502
799	0.0008264462809917502
800	0.0008264462809917502
801	0.0008264462809917502
802	0.0008264462809917502
803	0.0008264462809917502
804	0.0008264462809917502
805	0.0008264462809917502
806	0.0008264462809917502
807	0.0008264462809917502
808	0.0008264462809917502
809	0.0008264462809917502
810	0.0008264462809917502
811	0.0008264462809917502
812	0.0008264462809917502
813	0.0008264462809917502
814	0.0008264462809917502
815	0.0008264462809917502
816	0.0008264462809917502
817	0.0008264462809917502
818	0.0008264462809917502
819	0.0008264462809917502
820	0.0008264462809917502
821	0.0008264462809917502
822	0.0008264462809917502
823	0.0008264462809917502
824	0.0008264462809917502
825	0.0008264462809917502
826	0.0008264462809917502
827	0.0008264462809917502
828	0.0008264462809917502
829	0.0008264462809917502
830	0.0008264462809917502
831	0.0008264462809917502
832	0.0008264462809917502
833	0.0008264462809917502
834	0.0008264462809917502
835	0.0008264462809917502
836	0.0008264462809917502
837	0.0008264462809917502
838	0.0008264462809917502
839	0.0008264462809917502
840	0.0008264462809917502
841	0.0008264462809917502
842	0.0008264462809917502
843	0.0008264462809917502
844	0.0008264462809917502
845	0.0008264462809917502
846	0.0008264462809917502
847	0.0008264462809917502
848	0.0008264462809917502
849	0.0008264462809917502
850	0.0008264462809917502
851	0.0008264462809917502
852	0.0008264462809917502
853	0.0008264462809917502
854	0.0008264462809917502
855	0.0008264462809917502
856	0.0008264462809917502
857	0.0008264462809917502
858	0.0008264462809917502
859	0.0008264462809917502
860	0.0008264462809917502
861	0.0008264462809917502
862	0.0008264462809917502
863	0.0008264462809917502
864	0.0008264462809917502
865	0.0008264462809917502
866	0.0008264462809917502
867	0.0008264462809917502
868	0.0008264462809917502
869	0.0008264462809917502
870	0.0008264462809917502
871	0.0008264462809917502
872	0.0008264462809917502
873	0.0008264462809917502
874	0.0008264462809917502
875	0.0008264462809917502
876	0.0008264462809917502
877	0.0008264462809917502
878	0.0008264462809917502
879	0.0008264462809917502
880	0.0008264462809917502
881	0.0008264462809917502
882	0.0008264462809917502
883	0.0008264462809917502
884	0.0008264462809917502
885	0.0008264462809917502
886	0.0008264462809917502
887	0.0008264462809917502
888	0.0008264462809917502
889	0.0008264462809917502
890	0.0008264462809917502
891	0.0008264462809917502
892	0.0008264462809917502
893	0.0008264462809917502
894	0.0008264462809917502
895	0.0008264462809917502
896	0.0008264462809917502
897	0.0008264462809917502
898	0.0008264462809917502
899	0.0008264462809917502
900	0.0008264462809917502
901	0.0008264462809917502
902	0.0008264462809917502
903	0.0008264462809917502
904	0.0008264462809917502
905	0.0008264462809917502
906	0.0008264462809917502
907	0.0008264462809917502
908	0.0008264462809917502
909	0.0008264462809917502
910	0.0008264462809917502
911	0.0008264462809917502
912	0.0008264462809917502
913	0.0008264462809917502
914	0.0008264462809917502
915	0.0008264462809917502
916	0.0008264462809917502
917	0.0008264462809917502
918	0.0008264462809917502
919	0.0008264462809917502
920	0.0008264462809917502
921	0.0008264462809917502
922	0.0008264462809917502
923	0.0008264462809917502
924	0.0008264462809917502
925	0.0008264462809917502
926	0.0008264462809917502
927	0.0008264462809917502
928	0.0008264462809917502
929	0.0008264462809917502
930	0.0008264462809917502
931	0.0008264462809917502
932	0.0008264462809917502
933	0.0008264462809917502
934	0.0008264462809917502
935	0.0008264462809917502
936	0.0008264462809917502
937	0.0008264462809917502
938	0.0008264462809917502
939	0.0008264462809917502
940	0.0008264462809917502
941	0.0008264462809917502
942	0.0008264462809917502
943	0.0008264462809917502
944	0.0008264462809917502
945	0.0008264462809917502
946	0.0008264462809917502
947	0.0008264462809917502
948	0.0008264462809917502
949	0.0008264462809917502
950	0.0008264462809917502
951	0.0008264462809917502
952	0.0008264462809917502
953	0.0008264462809917502
954	0.0008264462809917502
955	0.0008264462809917502
956	0.0008264462809917502
957	0.0008264462809917502
958	0.0008264462809917502
959	0.0008264462809917502
960	0.0008264462809917502
961	0.0008264462809917502
962	0.0008264462809917502
963	0.0008264462809917502
964	0.0008264462809917502
965	0.0008264462809917502
966	0.0008264462809917502
967	0.0008264462809917502
968	0.0008264462809917502
969	0.0008264462809917502
970	0.0008264462809917502
971	0.0008264462809917502
972	0.0008264462809917502
973	0.0008264462809917502
974	0.0008264462809917502
975	0.0008264462809917502
976	0.0008264462809917502
977	0.0008264462809917502
978	0.0008264462809917502
979	0.0008264462809917502
980	0.0008264462809917502
981	0.0008264462809917502
982	0.0008264462809917502
983	0.0008264462809917502
984	0.0008264462809917502
985	0.0008264462809917502
986	0.0008264462809917502
987	0.0008264462809917502
988	0.0008264462809917502
989	0.0008264462809917502
990	0.0008264462809917502
991	0.0008264462809917502
992	0.0008264462809917502
993	0.0008264462809917502
994	0.0008264462809917502
995	0.0008264462809917502
996	0.0008264462809917502
997	0.0008264462809917502
998	0.0008264462809917502
999	0.0008264462809917502
1000	0.0008264462809917502
1001	0.0008264462809917502
1002	0.0008264462809917502
1003	0.0008264462809917502
1004	0.0008264462809917502
1005	0.0008264462809917502
1006	0.0008264462809917502
1007	0.0008264462809917502
1008	0.0008264462809917502
1009	0.0008264462809917502
1010	0.0008264462809917502
1011	0.0008264462809917502
1012	0.0008264462809917502
1013	0.0008264462809917502
1014	0.0008264462809917502
1015	0.0008264462809917502
1016	0.0008264462809917502
1017	0.0008264462809917502
1018	0.0008264462809917502
1019	0.0008264462809917502
1020	0.0008264462809917502
1021	0.0008264462809917502
1022	0.0008264462809917502
1023	0.0008264462809917502
1024	0.0008264462809917502
1025	0.0008264462809917502
1026	0.0008264462809917502
1027	0.0008264462809917502
1028	0.0008264462809917502
1029	0.0008264462809917502
1030	0.0008264462809917502
1031	0.0008264462809917502
1032	0.0008264462809917502
1033	0.0008264462809917502
1034	0.0008264462809917502
1035	0.0008264462809917502
1036	0.0008264462809917502
1037	0.0008264462809917502
1038	0.0008264462809917502
1039	0.0008264462809917502
1040	0.0008264462809917502
1041	0.0008264462809917502
1042	0.0008264462809917502
1043	0.0008264462809917502
1044	0.0008264462809917502
1045	0.0008264462809917502
1046	0.0008264462809917502
1047	0.0008264462809917502
1048	0.0008264462809917502
1049	0.0008264462809917502
1050	0.0008264462809917502
1051	0.0008264462809917502
1052	0.0008264462809917502
1053	0.0008264462809917502
1054	0.0008264462809917502
1055	0.0008264462809917502
1056	0.0008264462809917502
1057	0.0008264462809917502
1058	0.0008264462809917502
1059	0.0008264462809917502
1060	0.0008264462809917502
1061	0.0008264462809917502
1062	0.0008264462809917502
1063	0.0008264462809917502
1064	0.0008264462809917502
1065	0.0008264462809917502
1066	0.0008264462809917502
1067	0.0008264462809917502
1068	0.0008264462809917502
1069	0.0008264462809917502
1070	0.0008264462809917502
1071	0.0008264462809917502
1072	0.0008264462809917502
1073	0.0008264462809917502
1074	0.0008264462809917502
1075	0.0008264462809917502
1076	0.0008264462809917502
1077	0.0008264462809917502
1078	0.0008264462809917502
1079	0.0008264462809917502
1080	0.0008264462809917502
1081	0.0008264462809917502
1082	0.0008264462809917502
1083	0.0008264462809917502
1084	0.0008264462809917502
1085	0.0008264462809917502
1086	0.0008264462809917502
1087	0.0008264462809917502
1088	0.0008264462809917502
1089	0.0008264462809917502
1090	0.0008264462809917502
1091	0.0008264462809917502
1092	0.0008264462809917502
1093	0.0008264462809917502
1094	0.0008264462809917502
1095	0.0008264462809917502
1096	0.0008264462809917502
1097	0.0008264462809917502
1098	0.0008264462809917502
1099	0.0008264462809917502
1100	0.0008264462809917502
1101	0.0008264462809917502
1102	0.0008264462809917502
1103	0.0008264462809917502
1104	0.0008264462809917502
1105	0.0008264462809917502
1106	0.0008264462809917502
1107	0.0008264462809917502
1108	0.0008264462809917502
1109	0.0008264462809917502
1110	0.0008264462809917502
1111	0.0008264462809917502
1112	0.0008264462809917502
1113	0.0008264462809917502
1114	0.0008264462809917502
1115	0.0008264462809917502
1116	0.0008264462809917502
1117	0.0008264462809917502
1118	0.0008264462809917502
1119	0.0008264462809917502
1120	0.0008264462809917502
1121	0.0008264462809917502
1122	0.0008264462809917502
1123	0.0008264462809917502
1124	0.0008264462809917502
1125	0.0008264462809917502
1126	0.0008264462809917502
1127	0.0008264462809917502
1128	0.0008264462809917502
1129	0.0008264462809917502
1130	0.0008264462809917502
1131	0.0008264462809917502
1132	0.0008264462809917502
1133	0.0008264462809917502
1134	0.0008264462809917502
1135	0.0008264462809917502
1136	0.0008264462809917502
1137	0.0008264462809917502
1138	0.0008264462809917502
1139	0.0008264462809917502
1140	0.0008264462809917502
1141	0.0008264462809917502
1142	0.0008264462809917502
1143	0.0008264462809917502
1144	0.0008264462809917502
1145	0.0008264462809917502
1146	0.0008264462809917502
1147	0.0008264462809917502
1148	0.0008264462809917502
1149	0.0008264462809917502
1150	0.0008264462809917502
1151	0.0008264462809917502
1152	0.0008264462809917502
1153	0.0008264462809917502
1154	0.0008264462809917502
1155	0.0008264462809917502
1156	0.0008264462809917502
1157	0.0008264462809917502
1158	0.0008264462809917502
1159	0.0008264462809917502
1160	0.0008264462809917502
1161	0.0008264462809917502
1162	0.0008264462809917502
1163	0.0008264462809917502
1164	0.0008264462809917502
1165	0.0008264462809917502
1166	0.0008264462809917502
1167	0.0008264462809917502
1168	0.0008264462809917502
1169	0.0008264462809917502
1170	0.0008264462809917502
1171	0.0008264462809917502
1172	0.0008264462809917502
1173	0.0008264462809917502
1174	0.0008264462809917502
1175	0.0008264462809917502
1176	0.0008264462809917502
1177	0.0008264462809917502
1178	0.0008264462809917502
1179	0.0008264462809917502
1180	0.0008264462809917502
1181	0.0008264462809917502
1182	0.0008264462809917502
1183	0.0008264462809917502
1184	0.0008264462809917502
1185	0.0008264462809917502
1186	0.0008264462809917502
1187	0.0008264462809917502
1188	0.0008264462809917502
1189	0.0008264462809917502
1190	0.0008264462809917502
1191	0.0008264462809917502
1192	0.0008264462809917502
1193	0.0008264462809917502
1194	0.0008264462809917502
1195	0.0008264462809917502
1196	0.0008264462809917502
1197	0.0008264462809917502
1198	0.0008264462809917502
1199	0.0008264462809917502
1200	0.0008264462809917502
1201	0.0008264462809917502
1202	0.0008264462809917502
1203	0.0008264462809917502
1204	0.0008264462809917502
1205	0.0008264462809917502
1206	0.0008264462809917502
1207	0.0008264462809917502
1208	0.0008264462809917502
1209	0.0008264462809917502
1210	0.0008264462809917502
