1	0.0009900990099009715
2	0.0009900990099009715
3	0.0009900990099009715
4	0.0009900990099009715
5	0.0009900990099009715
6	0.0009900990099009715
7	0.0009900990099009715
8	0.0009900990099009715
9	0.0009900990099009715
10	0.0009900990099009715
11	0.0009900990099009715
12	0.0009900990099009715
13	0.0009900990099009715
14	0.0009900990099009715
15	0.0009900990099009715
16	0.0009900990099009715
17	0.0009900990099009715
18	0.0009900990099009715
19	0.0009900990099009715
20	0.0009900990099009715
21	0.0009900990099009715
22	0.0009900990099009715
23	0.0009900990099009715
24	0.0009900990099009715
25	0.0009900990099009715
26	0.0009900990099009715
27	0.0009900990099009715
28	0.0009900990099009715
29	0.0009900990099009715
30	0.0009900990099009715
31	0.0009900990099009715
32	0.0009900990099009715
33	0.0009900990099009715
34	0.0009900990099009715
35	0.0009900990099009715
36	0.0009900990099009715
37	0.0009900990099009715
38	0.0009900990099009715
39	0.0009900990099009715
40	0.0009900990099009715
41	0.0009900990099009715
42	0.0009900990099009715
43	0.0009900990099009715
44	0.0009900990099009715
45	0.0009900990099009715
46	0.0009900990099009715
47	0.0009900990099009715
48	0.0009900990099009715
49	0.0009900990099009715
50	0.0009900990099009715
51	0.0009900990099009715
52	0.0009900990099009715
53	0.0009900990099009715
54	0.0009900990099009715
55	0.0009900990099009715
56	0.0009900990099009715
57	0.0009900990099009715
58	0.0009900990099009715
59	0.0009900990099009715
60	0.0009900990099009715
61	0.0009900990099009715
62	0.0009900990099009715
63	0.0009900990099009715
64	0.0009900990099009715
65	0.0009900990099009715
66	0.0009900990099009715
67	0.0009900990099009715
68	0.0009900990099009715
69	0.0009900990099009715
70	0.0009900990099009715
71	0.0009900990099009715
72	0.0009900990099009715
73	0.0009900990099009715
74	0.0009900990099009715
75	0.0009900990099009715
76	0.0009900990099009715
77	0.0009900990099009715
78	0.0009900990099009715
79	0.0009900990099009715
80	0.0009900990099009715
81	0.0009900990099009715
82	0.0009900990099009715
83	0.0009900990099009715
84	0.0009900990099009715
85	0.0009900990099009715
86	0.0009900990099009715
87	0.0009900990099009715
88	0.0009900990099009715
89	0.0009900990099009715
90	0.0009900990099009715
91	0.0009900990099009715
92	0.0009900990099009715
93	0.0009900990099009715
94	0.0009900990099009715
95	0.0009900990099009715
96	0.0009900990099009715
97	0.0009900990099009715
98	0.0009900990099009715
99	0.0009900990099009715
100	0.0009900990099009715
101	0.0009900990099009715
102	0.0009900990099009715
103	0.0009900990099009715
104	0.0009900990099009715
105	0.0009900990099009715
106	0.0009900990099009715
107	0.0009900990099009715
108	0.0009900990099009715
109	0.0009900990099009715
110	0.0009900990099009715
111	0.0009900990099009715
112	0.0009900990099009715
113	0.0009900990099009715
114	0.0009900990099009715
115	0.0009900990099009715
116	0.0009900990099009715
117	0.0009900990099009715
118	0.0009900990099009715
119	0.0009900990099009715
120	0.0009900990099009715
121	0.0009900990099009715
122	0.0009900990099009715
123	0.0009900990099009715
124	0.0009900990099009715
125	0.0009900990099009715
126	0.0009900990099009715
127	0.0009900990099009715
128	0.0009900990099009715
129	0.0009900990099009715
130	0.0009900990099009715
131	0.0009900990099009715
132	0.0009900990099009715
133	0.0009900990099009715
134	0.0009900990099009715
135	0.0009900990099009715
136	0.0009900990099009715
137	0.0009900990099009715
138	0.0009900990099009715
139	0.0009900990099009715
140	0.0009900990099009715
141	0.0009900990099009715
142	0.0009900990099009715
143	0.0009900990099009715
144	0.0009900990099009715
145	0.0009900990099009715
146	0.0009900990099009715
147	0.0009900990099009715
148	0.0009900990099009715
149	0.0009900990099009715
150	0.0009900990099009715
151	0.0009900990099009715
152	0.0009900990099009715
153	0.0009900990099009715
154	0.0009900990099009715
155	0.0009900990099009715
156	0.0009900990099009715
157	0.0009900990099009715
158	0.0009900990099009715
159	0.0009900990099009715
160	0.0009900990099009715
161	0.0009900990099009715
162	0.0009900990099009715
163	0.0009900990099009715
164	0.0009900990099009715
165	0.0009900990099009715
166	0.0009900990099009715
167	0.0009900990099009715
168	0.0009900990099009715
169	0.0009900990099009715
170	0.0009900990099009715
171	0.0009900990099009715
172	0.0009900990099009715
173	0.0009900990099009715
174	0.0009900990099009715
175	0.0009900990099009715
176	0.0009900990099009715
177	0.0009900990099009715
178	0.0009900990099009715
179	0.0009900990099009715
180	0.0009900990099009715
181	0.0009900990099009715
182	0.0009900990099009715
183	0.0009900990099009715
184	0.0009900990099009715
185	0.0009900990099009715
186	0.0009900990099009715
187	0.0009900990099009715
188	0.0009900990099009715
189	0.0009900990099009715
190	0.0009900990099009715
191	0.0009900990099009715
192	0.0009900990099009715
193	0.0009900990099009715
194	0.0009900990099009715
195	0.0009900990099009715
196	0.0009900990099009715
197	0.0009900990099009715
198	0.0009900990099009715
199	0.0009900990099009715
200	0.0009900990099009715
201	0.0009900990099009715
202	0.0009900990099009715
203	0.0009900990099009715
204	0.0009900990099009715
205	0.0009900990099009715
206	0.0009900990099009715
207	0.0009900990099009715
208	0.0009900990099009715
209	0.0009900990099009715
210	0.0009900990099009715
211	0.0009900990099009715
212	0.0009900990099009715
213	0.0009900990099009715
214	0.0009900990099009715
215	0.0009900990099009715
216	0.0009900990099009715
217	0.0009900990099009715
218	0.0009900990099009715
219	0.0009900990099009715
220	0.0009900990099009715
221	0.0009900990099009715
222	0.0009900990099009715
223	0.0009900990099009715
224	0.0009900990099009715
225	0.0009900990099009715
226	0.0009900990099009715
227	0.0009900990099009715
228	0.0009900990099009715
229	0.0009900990099009715
230	0.0009900990099009715
231	0.0009900990099009715
232	0.0009900990099009715
233	0.0009900990099009715
234	0.0009900990099009715
235	0.0009900990099009715
236	0.0009900990099009715
237	0.0009900990099009715
238	0.0009900990099009715
239	0.0009900990099009715
240	0.0009900990099009715
241	0.0009900990099009715
242	0.0009900990099009715
243	0.0009900990099009715
244	0.0009900990099009715
245	0.0009900990099009715
246	0.0009900990099009715
247	0.0009900990099009715
248	0.0009900990099009715
249	0.0009900990099009715
250	0.0009900990099009715
251	0.0009900990099009715
252	0.0009900990099009715
253	0.0009900990099009715
254	0.0009900990099009715
255	0.0009900990099009715
256	0.0009900990099009715
257	0.0009900990099009715
258	0.0009900990099009715
259	0.0009900990099009715
260	0.0009900990099009715
261	0.0009900990099009715
262	0.0009900990099009715
263	0.0009900990099009715
264	0.0009900990099009715
265	0.0009900990099009715
266	0.0009900990099009715
267	0.0009900990099009715
268	0.0009900990099009715
269	0.0009900990099009715
270	0.0009900990099009715
271	0.0009900990099009715
272	0.0009900990099009715
273	0.0009900990099009715
274	0.0009900990099009715
275	0.0009900990099009715
276	0.0009900990099009715
277	0.0009900990099009715
278	0.0009900990099009715
279	0.0009900990099009715
280	0.0009900990099009715
281	0.0009900990099009715
282	0.0009900990099009715
283	0.0009900990099009715
284	0.0009900990099009715
285	0.0009900990099009715
286	0.0009900990099009715
287	0.0009900990099009715
288	0.0009900990099009715
289	0.0009900990099009715
290	0.0009900990099009715
291	0.0009900990099009715
292	0.0009900990099009715
293	0.0009900990099009715
294	0.0009900990099009715
295	0.0009900990099009715
296	0.0009900990099009715
297	0.0009900990099009715
298	0.0009900990099009715
299	0.0009900990099009715
300	0.0009900990099009715
301	0.0009900990099009715
302	0.0009900990099009715
303	0.0009900990099009715
304	0.0009900990099009715
305	0.0009900990099009715
306	0.0009900990099009715
307	0.0009900990099009715
308	0.0009900990099009715
309	0.0009900990099009715
310	0.0009900990099009715
311	0.0009900990099009715
312	0.0009900990099009715
313	0.0009900990099009715
314	0.0009900990099009715
315	0.0009900990099009715
316	0.0009900990099009715
317	0.0009900990099009715
318	0.0009900990099009715
319	0.0009900990099009715
320	0.0009900990099009715
321	0.0009900990099009715
322	0.0009900990099009715
323	0.0009900990099009715
324	0.0009900990099009715
325	0.0009900990099009715
326	0.0009900990099009715
327	0.0009900990099009715
328	0.0009900990099009715
329	0.0009900990099009715
330	0.0009900990099009715
331	0.0009900990099009715
332	0.0009900990099009715
333	0.0009900990099009715
334	0.0009900990099009715
335	0.0009900990099009715
336	0.0009900990099009715
337	0.0009900990099009715
338	0.0009900990099009715
339	0.0009900990099009715
340	0.0009900990099009715
341	0.0009900990099009715
342	0.0009900990099009715
343	0.0009900990099009715
344	0.0009900990099009715
345	0.0009900990099009715
346	0.0009900990099009715
347	0.0009900990099009715
348	0.0009900990099009715
349	0.0009900990099009715
350	0.0009900990099009715
351	0.0009900990099009715
352	0.0009900990099009715
353	0.0009900990099009715
354	0.0009900990099009715
355	0.0009900990099009715
356	0.0009900990099009715
357	0.0009900990099009715
358	0.0009900990099009715
359	0.0009900990099009715
360	0.0009900990099009715
361	0.0009900990099009715
362	0.0009900990099009715
363	0.0009900990099009715
364	0.0009900990099009715
365	0.0009900990099009715
366	0.0009900990099009715
367	0.0009900990099009715
368	0.0009900990099009715
369	0.0009900990099009715
370	0.0009900990099009715
371	0.0009900990099009715
372	0.0009900990099009715
373	0.0009900990099009715
374	0.0009900990099009715
375	0.0009900990099009715
376	0.0009900990099009715
377	0.0009900990099009715
378	0.0009900990099009715
379	0.0009900990099009715
380	0.0009900990099009715
381	0.0009900990099009715
382	0.0009900990099009715
383	0.0009900990099009715
384	0.0009900990099009715
385	0.0009900990099009715
386	0.0009900990099009715
387	0.0009900990099009715
388	0.0009900990099009715
389	0.0009900990099009715
390	0.0009900990099009715
391	0.0009900990099009715
392	0.0009900990099009715
393	0.0009900990099009715
394	0.0009900990099009715
395	0.0009900990099009715
396	0.0009900990099009715
397	0.0009900990099009715
398	0.0009900990099009715
399	0.0009900990099009715
400	0.0009900990099009715
401	0.0009900990099009715
402	0.0009900990099009715
403	0.0009900990099009715
404	0.0009900990099009715
405	0.0009900990099009715
406	0.0009900990099009715
407	0.0009900990099009715
408	0.0009900990099009715
409	0.0009900990099009715
410	0.0009900990099009715
411	0.0009900990099009715
412	0.0009900990099009715
413	0.0009900990099009715
414	0.0009900990099009715
415	0.0009900990099009715
416	0.0009900990099009715
417	0.0009900990099009715
418	0.0009900990099009715
419	0.0009900990099009715
420	0.0009900990099009715
421	0.0009900990099009715
422	0.0009900990099009715
423	0.0009900990099009715
424	0.0009900990099009715
425	0.0009900990099009715
426	0.0009900990099009715
427	0.0009900990099009715
428	0.0009900990099009715
429	0.0009900990099009715
430	0.0009900990099009715
431	0.0009900990099009715
432	0.0009900990099009715
433	0.0009900990099009715
434	0.0009900990099009715
435	0.0009900990099009715
436	0.0009900990099009715
437	0.0009900990099009715
438	0.0009900990099009715
439	0.0009900990099009715
440	0.0009900990099009715
441	0.0009900990099009715
442	0.0009900990099009715
443	0.0009900990099009715
444	0.0009900990099009715
445	0.0009900990099009715
446	0.0009900990099009715
447	0.0009900990099009715
448	0.0009900990099009715
449	0.0009900990099009715
450	0.0009900990099009715
451	0.0009900990099009715
452	0.0009900990099009715
453	0.0009900990099009715
454	0.0009900990099009715
455	0.0009900990099009715
456	0.0009900990099009715
457	0.0009900990099009715
458	0.0009900990099009715
459	0.0009900990099009715
460	0.0009900990099009715
461	0.0009900990099009715
462	0.0009900990099009715
463	0.0009900990099009715
464	0.0009900990099009715
465	0.0009900990099009715
466	0.0009900990099009715
467	0.0009900990099009715
468	0.0009900990099009715
469	0.0009900990099009715
470	0.0009900990099009715
471	0.0009900990099009715
472	0.0009900990099009715
473	0.0009900990099009715
474	0.0009900990099009715
475	0.0009900990099009715
476	0.0009900990099009715
477	0.0009900990099009715
478	0.0009900990099009715
479	0.0009900990099009715
480	0.0009900990099009715
481	0.0009900990099009715
482	0.0009900990099009715
483	0.0009900990099009715
484	0.0009900990099009715
485	0.0009900990099009715
486	0.0009900990099009715
487	0.0009900990099009715
488	0.0009900990099009715
489	0.0009900990099009715
490	0.0009900990099009715
491	0.0009900990099009715
492	0.0009900990099009715
493	0.0009900990099009715
494	0.0009900990099009715
495	0.0009900990099009715
496	0.0009900990099009715
497	0.0009900990099009715
498	0.0009900990099009715
499	0.0009900990099009715
500	0.0009900990099009715
501	0.0009900990099009715
502	0.0009900990099009715
503	0.0009900990099009715
504	0.0009900990099009715
505	0.0009900990099009715
506	0.0009900990099009715
507	0.0009900990099009715
508	0.0009900990099009715
509	0.0009900990099009715
510	0.0009900990099009715
511	0.0009900990099009715
512	0.0009900990099009715
513	0.0009900990099009715
514	0.0009900990099009715
515	0.0009900990099009715
516	0.0009900990099009715
517	0.0009900990099009715
518	0.0009900990099009715
519	0.0009900990099009715
520	0.0009900990099009715
521	0.0009900990099009715
522	0.0009900990099009715
523	0.0009900990099009715
524	0.0009900990099009715
525	0.0009900990099009715
526	0.0009900990099009715
527	0.0009900990099009715
528	0.0009900990099009715
529	0.0009900990099009715
530	0.0009900990099009715
531	0.0009900990099009715
532	0.0009900990099009715
533	0.0009900990099009715
534	0.0009900990099009715
535	0.0009900990099009715
536	0.0009900990099009715
537	0.0009900990099009715
538	0.0009900990099009715
539	0.0009900990099009715
540	0.0009900990099009715
541	0.0009900990099009715
542	0.0009900990099009715
543	0.0009900990099009715
544	0.0009900990099009715
545	0.0009900990099009715
546	0.0009900990099009715
547	0.0009900990099009715
548	0.0009900990099009715
549	0.0009900990099009715
550	0.0009900990099009715
551	0.0009900990099009715
552	0.0009900990099009715
553	0.0009900990099009715
554	0.0009900990099009715
555	0.0009900990099009715
556	0.0009900990099009715
557	0.0009900990099009715
558	0.0009900990099009715
559	0.0009900990099009715
560	0.0009900990099009715
561	0.0009900990099009715
562	0.0009900990099009715
563	0.0009900990099009715
564	0.0009900990099009715
565	0.0009900990099009715
566	0.0009900990099009715
567	0.0009900990099009715
568	0.0009900990099009715
569	0.0009900990099009715
570	0.0009900990099009715
571	0.0009900990099009715
572	0.0009900990099009715
573	0.0009900990099009715
574	0.0009900990099009715
575	0.0009900990099009715
576	0.0009900990099009715
577	0.0009900990099009715
578	0.0009900990099009715
579	0.0009900990099009715
580	0.0009900990099009715
581	0.0009900990099009715
582	0.0009900990099009715
583	0.0009900990099009715
584	0.0009900990099009715
585	0.0009900990099009715
586	0.0009900990099009715
587	0.0009900990099009715
588	0.0009900990099009715
589	0.0009900990099009715
590	0.0009900990099009715
591	0.0009900990099009715
592	0.0009900990099009715
593	0.0009900990099009715
594	0.0009900990099009715
595	0.0009900990099009715
596	0.0009900990099009715
597	0.0009900990099009715
598	0.0009900990099009715
599	0.0009900990099009715
600	0.0009900990099009715
601	0.0009900990099009715
602	0.0009900990099009715
603	0.0009900990099009715
604	0.0009900990099009715
605	0.0009900990099009715
606	0.0009900990099009715
607	0.0009900990099009715
608	0.0009900990099009715
609	0.0009900990099009715
610	0.0009900990099009715
611	0.0009900990099009715
612	0.0009900990099009715
613	0.0009900990099009715
614	0.0009900990099009715
615	0.0009900990099009715
616	0.0009900990099009715
617	0.0009900990099009715
618	0.0009900990099009715
619	0.0009900990099009715
620	0.0009900990099009715
621	0.0009900990099009715
622	0.0009900990099009715
623	0.0009900990099009715
624	0.0009900990099009715
625	0.0009900990099009715
626	0.0009900990099009715
627	0.0009900990099009715
628	0.0009900990099009715
629	0.0009900990099009715
630	0.0009900990099009715
631	0.0009900990099009715
632	0.0009900990099009715
633	0.0009900990099009715
634	0.0009900990099009715
635	0.0009900990099009715
636	0.0009900990099009715
637	0.0009900990099009715
638	0.0009900990099009715
639	0.0009900990099009715
640	0.0009900990099009715
641	0.0009900990099009715
642	0.0009900990099009715
643	0.0009900990099009715
644	0.0009900990099009715
645	0.0009900990099009715
646	0.0009900990099009715
647	0.0009900990099009715
648	0.0009900990099009715
649	0.0009900990099009715
650	0.0009900990099009715
651	0.0009900990099009715
652	0.0009900990099009715
653	0.0009900990099009715
654	0.0009900990099009715
655	0.0009900990099009715
656	0.0009900990099009715
657	0.0009900990099009715
658	0.0009900990099009715
659	0.0009900990099009715
660	0.0009900990099009715
661	0.0009900990099009715
662	0.0009900990099009715
663	0.0009900990099009715
664	0.0009900990099009715
665	0.0009900990099009715
666	0.0009900990099009715
667	0.0009900990099009715
668	0.0009900990099009715
669	0.0009900990099009715
670	0.0009900990099009715
671	0.0009900990099009715
672	0.0009900990099009715
673	0.0009900990099009715
674	0.0009900990099009715
675	0.0009900990099009715
676	0.0009900990099009715
677	0.0009900990099009715
678	0.0009900990099009715
679	0.0009900990099009715
680	0.0009900990099009715
681	0.0009900990099009715
682	0.0009900990099009715
683	0.0009900990099009715
684	0.0009900990099009715
685	0.0009900990099009715
686	0.0009900990099009715
687	0.0009900990099009715
688	0.0009900990099009715
689	0.0009900990099009715
690	0.0009900990099009715
691	0.0009900990099009715
692	0.0009900990099009715
693	0.0009900990099009715
694	0.0009900990099009715
695	0.0009900990099009715
696	0.0009900990099009715
697	0.0009900990099009715
698	0.0009900990099009715
699	0.0009900990099009715
700	0.0009900990099009715
701	0.0009900990099009715
702	0.0009900990099009715
703	0.0009900990099009715
704	0.0009900990099009715
705	0.0009900990099009715
706	0.0009900990099009715
707	0.0009900990099009715
708	0.0009900990099009715
709	0.0009900990099009715
710	0.0009900990099009715
711	0.0009900990099009715
712	0.0009900990099009715
713	0.0009900990099009715
714	0.0009900990099009715
715	0.0009900990099009715
716	0.0009900990099009715
717	0.0009900990099009715
718	0.0009900990099009715
719	0.0009900990099009715
720	0.0009900990099009715
721	0.0009900990099009715
722	0.0009900990099009715
723	0.0009900990099009715
724	0.0009900990099009715
725	0.0009900990099009715
726	0.0009900990099009715
727	0.0009900990099009715
728	0.0009900990099009715
729	0.0009900990099009715
730	0.0009900990099009715
731	0.0009900990099009715
732	0.0009900990099009715
733	0.0009900990099009715
734	0.0009900990099009715
735	0.0009900990099009715
736	0.0009900990099009715
737	0.0009900990099009715
738	0.0009900990099009715
739	0.0009900990099009715
740	0.0009900990099009715
741	0.0009900990099009715
742	0.0009900990099009715
743	0.0009900990099009715
744	0.0009900990099009715
745	0.0009900990099009715
746	0.0009900990099009715
747	0.0009900990099009715
748	0.0009900990099009715
749	0.0009900990099009715
750	0.0009900990099009715
751	0.0009900990099009715
752	0.0009900990099009715
753	0.0009900990099009715
754	0.0009900990099009715
755	0.0009900990099009715
756	0.0009900990099009715
757	0.0009900990099009715
758	0.0009900990099009715
759	0.0009900990099009715
760	0.0009900990099009715
761	0.0009900990099009715
762	0.0009900990099009715
763	0.0009900990099009715
764	0.0009900990099009715
765	0.0009900990099009715
766	0.0009900990099009715
767	0.0009900990099009715
768	0.0009900990099009715
769	0.0009900990099009715
770	0.0009900990099009715
771	0.0009900990099009715
772	0.0009900990099009715
773	0.0009900990099009715
774	0.0009900990099009715
775	0.0009900990099009715
776	0.0009900990099009715
777	0.0009900990099009715
778	0.0009900990099009715
779	0.0009900990099009715
780	0.0009900990099009715
781	0.0009900990099009715
782	0.0009900990099009715
783	0.0009900990099009715
784	0.0009900990099009715
785	0.0009900990099009715
786	0.0009900990099009715
787	0.0009900990099009715
788	0.0009900990099009715
789	0.0009900990099009715
790	0.0009900990099009715
791	0.0009900990099009715
792	0.0009900990099009715
793	0.0009900990099009715
794	0.0009900990099009715
795	0.0009900990099009715
796	0.0009900990099009715
797	0.0009900990099009715
798	0.0009900990099009715
799	0.0009900990099009715
800	0.0009900990099009715
801	0.0009900990099009715
802	0.0009900990099009715
803	0.0009900990099009715
804	0.0009900990099009715
805	0.0009900990099009715
806	0.0009900990099009715
807	0.0009900990099009715
808	0.0009900990099009715
809	0.0009900990099009715
810	0.0009900990099009715
811	0.0009900990099009715
812	0.0009900990099009715
813	0.0009900990099009715
814	0.0009900990099009715
815	0.0009900990099009715
816	0.0009900990099009715
817	0.0009900990099009715
818	0.0009900990099009715
819	0.0009900990099009715
820	0.0009900990099009715
821	0.0009900990099009715
822	0.0009900990099009715
823	0.0009900990099009715
824	0.0009900990099009715
825	0.0009900990099009715
826	0.0009900990099009715
827	0.0009900990099009715
828	0.0009900990099009715
829	0.0009900990099009715
830	0.0009900990099009715
831	0.0009900990099009715
832	0.0009900990099009715
833	0.0009900990099009715
834	0.0009900990099009715
835	0.0009900990099009715
836	0.0009900990099009715
837	0.0009900990099009715
838	0.0009900990099009715
839	0.0009900990099009715
840	0.0009900990099009715
841	0.0009900990099009715
842	0.0009900990099009715
843	0.0009900990099009715
844	0.0009900990099009715
845	0.0009900990099009715
846	0.0009900990099009715
847	0.0009900990099009715
848	0.0009900990099009715
849	0.0009900990099009715
850	0.0009900990099009715
851	0.0009900990099009715
852	0.0009900990099009715
853	0.0009900990099009715
854	0.0009900990099009715
855	0.0009900990099009715
856	0.0009900990099009715
857	0.0009900990099009715
858	0.0009900990099009715
859	0.0009900990099009715
860	0.0009900990099009715
861	0.0009900990099009715
862	0.0009900990099009715
863	0.0009900990099009715
864	0.0009900990099009715
865	0.0009900990099009715
866	0.0009900990099009715
867	0.0009900990099009715
868	0.0009900990099009715
869	0.0009900990099009715
870	0.0009900990099009715
871	0.0009900990099009715
872	0.0009900990099009715
873	0.0009900990099009715
874	0.0009900990099009715
875	0.0009900990099009715
876	0.0009900990099009715
877	0.0009900990099009715
878	0.0009900990099009715
879	0.0009900990099009715
880	0.0009900990099009715
881	0.0009900990099009715
882	0.0009900990099009715
883	0.0009900990099009715
884	0.0009900990099009715
885	0.0009900990099009715
886	0.0009900990099009715
887	0.0009900990099009715
888	0.0009900990099009715
889	0.0009900990099009715
890	0.0009900990099009715
891	0.0009900990099009715
892	0.0009900990099009715
893	0.0009900990099009715
894	0.0009900990099009715
895	0.0009900990099009715
896	0.0009900990099009715
897	0.0009900990099009715
898	0.0009900990099009715
899	0.0009900990099009715
900	0.0009900990099009715
901	0.0009900990099009715
902	0.0009900990099009715
903	0.0009900990099009715
904	0.0009900990099009715
905	0.0009900990099009715
906	0.0009900990099009715
907	0.0009900990099009715
908	0.0009900990099009715
909	0.0009900990099009715
910	0.0009900990099009715
911	0.0009900990099009715
912	0.0009900990099009715
913	0.0009900990099009715
914	0.0009900990099009715
915	0.0009900990099009715
916	0.0009900990099009715
917	0.0009900990099009715
918	0.0009900990099009715
919	0.0009900990099009715
920	0.0009900990099009715
921	0.0009900990099009715
922	0.0009900990099009715
923	0.0009900990099009715
924	0.0009900990099009715
925	0.0009900990099009715
926	0.0009900990099009715
927	0.0009900990099009715
928	0.0009900990099009715
929	0.0009900990099009715
930	0.0009900990099009715
931	0.0009900990099009715
932	0.0009900990099009715
933	0.0009900990099009715
934	0.0009900990099009715
935	0.0009900990099009715
936	0.0009900990099009715
937	0.0009900990099009715
938	0.0009900990099009715
939	0.0009900990099009715
940	0.0009900990099009715
941	0.0009900990099009715
942	0.0009900990099009715
943	0.0009900990099009715
944	0.0009900990099009715
945	0.0009900990099009715
946	0.0009900990099009715
947	0.0009900990099009715
948	0.0009900990099009715
949	0.0009900990099009715
950	0.0009900990099009715
951	0.0009900990099009715
952	0.0009900990099009715
953	0.0009900990099009715
954	0.0009900990099009715
955	0.0009900990099009715
956	0.0009900990099009715
957	0.0009900990099009715
958	0.0009900990099009715
959	0.0009900990099009715
960	0.0009900990099009715
961	0.0009900990099009715
962	0.0009900990099009715
963	0.0009900990099009715
964	0.0009900990099009715
965	0.0009900990099009715
966	0.0009900990099009715
967	0.0009900990099009715
968	0.0009900990099009715
969	0.0009900990099009715
970	0.0009900990099009715
971	0.0009900990099009715
972	0.0009900990099009715
973	0.0009900990099009715
974	0.0009900990099009715
975	0.0009900990099009715
976	0.0009900990099009715
977	0.0009900990099009715
978	0.0009900990099009715
979	0.0009900990099009715
980	0.0009900990099009715
981	0.0009900990099009715
982	0.0009900990099009715
983	0.0009900990099009715
984	0.0009900990099009715
985	0.0009900990099009715
986	0.0009900990099009715
987	0.0009900990099009715
988	0.0009900990099009715
989	0.0009900990099009715
990	0.0009900990099009715
991	0.0009900990099009715
992	0.0009900990099009715
993	0.0009900990099009715
994	0.0009900990099009715
995	0.0009900990099009715
996	0.0009900990099009715
997	0.0009900990099009715
998	0.0009900990099009715
999	0.0009900990099009715
1000	0.0009900990099009715
1001	0.0009900990099009715
1002	0.0009900990099009715
1003	0.0009900990099009715
1004	0.0009900990099009715
1005	0.0009900990099009715
1006	0.0009900990099009715
1007	0.0009900990099009715
1008	0.0009900990099009715
1009	0.0009900990099009715
1010	0.0009900990099009715
