1	0.000900900900900917
2	0.000900900900900917
3	0.000900900900900917
4	0.000900900900900917
5	0.000900900900900917
6	0.000900900900900917
7	0.000900900900900917
8	0.000900900900900917
9	0.000900900900900917
10	0.000900900900900917
11	0.000900900900900917
12	0.000900900900900917
13	0.000900900900900917
14	0.000900900900900917
15	0.000900900900900917
16	0.000900900900900917
17	0.000900900900900917
18	0.000900900900900917
19	0.000900900900900917
20	0.000900900900900917
21	0.000900900900900917
22	0.000900900900900917
23	0.000900900900900917
24	0.000900900900900917
25	0.000900900900900917
26	0.000900900900900917
27	0.000900900900900917
28	0.000900900900900917
29	0.000900900900900917
30	0.000900900900900917
31	0.000900900900900917
32	0.000900900900900917
33	0.000900900900900917
34	0.000900900900900917
35	0.000900900900900917
36	0.000900900900900917
37	0.000900900900900917
38	0.000900900900900917
39	0.000900900900900917
40	0.000900900900900917
41	0.000900900900900917
42	0.000900900900900917
43	0.000900900900900917
44	0.000900900900900917
45	0.000900900900900917
46	0.000900900900900917
47	0.000900900900900917
48	0.000900900900900917
49	0.000900900900900917
50	0.000900900900900917
51	0.000900900900900917
52	0.000900900900900917
53	0.000900900900900917
54	0.000900900900900917
55	0.000900900900900917
56	0.000900900900900917
57	0.000900900900900917
58	0.000900900900900917
59	0.000900900900900917
60	0.000900900900900917
61	0.000900900900900917
62	0.000900900900900917
63	0.000900900900900917
64	0.000900900900900917
65	0.000900900900900917
66	0.000900900900900917
67	0.000900900900900917
68	0.000900900900900917
69	0.000900900900900917
70	0.000900900900900917
71	0.000900900900900917
72	0.000900900900900917
73	0.000900900900900917
74	0.000900900900900917
75	0.000900900900900917
76	0.000900900900900917
77	0.000900900900900917
78	0.000900900900900917
79	0.000900900900900917
80	0.000900900900900917
81	0.000900900900900917
82	0.000900900900900917
83	0.000900900900900917
84	0.000900900900900917
85	0.000900900900900917
86	0.000900900900900917
87	0.000900900900900917
88	0.000900900900900917
89	0.000900900900900917
90	0.000900900900900917
91	0.000900900900900917
92	0.000900900900900917
93	0.000900900900900917
94	0.000900900900900917
95	0.000900900900900917
96	0.000900900900900917
97	0.000900900900900917
98	0.000900900900900917
99	0.000900900900900917
100	0.000900900900900917
101	0.000900900900900917
102	0.000900900900900917
103	0.000900900900900917
104	0.000900900900900917
105	0.000900900900900917
106	0.000900900900900917
107	0.000900900900900917
108	0.000900900900900917
109	0.000900900900900917
110	0.000900900900900917
111	0.000900900900900917
112	0.000900900900900917
113	0.000900900900900917
114	0.000900900900900917
115	0.000900900900900917
116	0.000900900900900917
117	0.000900900900900917
118	0.000900900900900917
119	0.000900900900900917
120	0.000900900900900917
121	0.000900900900900917
122	0.000900900900900917
123	0.000900900900900917
124	0.000900900900900917
125	0.000900900900900917
126	0.000900900900900917
127	0.000900900900900917
128	0.000900900900900917
129	0.000900900900900917
130	0.000900900900900917
131	0.000900900900900917
132	0.000900900900900917
133	0.000900900900900917
134	0.000900900900900917
135	0.000900900900900917
136	0.000900900900900917
137	0.000900900900900917
138	0.000900900900900917
139	0.000900900900900917
140	0.000900900900900917
141	0.000900900900900917
142	0.000900900900900917
143	0.000900900900900917
144	0.000900900900900917
145	0.000900900900900917
146	0.000900900900900917
147	0.000900900900900917
148	0.000900900900900917
149	0.000900900900900917
150	0.000900900900900917
151	0.000900900900900917
152	0.000900900900900917
153	0.000900900900900917
154	0.000900900900900917
155	0.000900900900900917
156	0.000900900900900917
157	0.000900900900900917
158	0.000900900900900917
159	0.000900900900900917
160	0.000900900900900917
161	0.000900900900900917
162	0.000900900900900917
163	0.000900900900900917
164	0.000900900900900917
165	0.000900900900900917
166	0.000900900900900917
167	0.000900900900900917
168	0.000900900900900917
169	0.000900900900900917
170	0.000900900900900917
171	0.000900900900900917
172	0.000900900900900917
173	0.000900900900900917
174	0.000900900900900917
175	0.000900900900900917
176	0.000900900900900917
177	0.000900900900900917
178	0.000900900900900917
179	0.000900900900900917
180	0.000900900900900917
181	0.000900900900900917
182	0.000900900900900917
183	0.000900900900900917
184	0.000900900900900917
185	0.000900900900900917
186	0.000900900900900917
187	0.000900900900900917
188	0.000900900900900917
189	0.000900900900900917
190	0.000900900900900917
191	0.000900900900900917
192	0.000900900900900917
193	0.000900900900900917
194	0.000900900900900917
195	0.000900900900900917
196	0.000900900900900917
197	0.000900900900900917
198	0.000900900900900917
199	0.000900900900900917
200	0.000900900900900917
201	0.000900900900900917
202	0.000900900900900917
203	0.000900900900900917
204	0.000900900900900917
205	0.000900900900900917
206	0.000900900900900917
207	0.000900900900900917
208	0.000900900900900917
209	0.000900900900900917
210	0.000900900900900917
211	0.000900900900900917
212	0.000900900900900917
213	0.000900900900900917
214	0.000900900900900917
215	0.000900900900900917
216	0.000900900900900917
217	0.000900900900900917
218	0.000900900900900917
219	0.000900900900900917
220	0.000900900900900917
221	0.000900900900900917
222	0.000900900900900917
223	0.000900900900900917
224	0.000900900900900917
225	0.000900900900900917
226	0.000900900900900917
227	0.000900900900900917
228	0.000900900900900917
229	0.000900900900900917
230	0.000900900900900917
231	0.000900900900900917
232	0.000900900900900917
233	0.000900900900900917
234	0.000900900900900917
235	0.000900900900900917
236	0.000900900900900917
237	0.000900900900900917
238	0.000900900900900917
239	0.000900900900900917
240	0.000900900900900917
241	0.000900900900900917
242	0.000900900900900917
243	0.000900900900900917
244	0.000900900900900917
245	0.000900900900900917
246	0.000900900900900917
247	0.000900900900900917
248	0.000900900900900917
249	0.000900900900900917
250	0.000900900900900917
251	0.000900900900900917
252	0.000900900900900917
253	0.000900900900900917
254	0.000900900900900917
255	0.000900900900900917
256	0.000900900900900917
257	0.000900900900900917
258	0.000900900900900917
259	0.000900900900900917
260	0.000900900900900917
261	0.000900900900900917
262	0.000900900900900917
263	0.000900900900900917
264	0.000900900900900917
265	0.000900900900900917
266	0.000900900900900917
267	0.000900900900900917
268	0.000900900900900917
269	0.000900900900900917
270	0.000900900900900917
271	0.000900900900900917
272	0.000900900900900917
273	0.000900900900900917
274	0.000900900900900917
275	0.000900900900900917
276	0.000900900900900917
277	0.000900900900900917
278	0.000900900900900917
279	0.000900900900900917
280	0.000900900900900917
281	0.000900900900900917
282	0.000900900900900917
283	0.000900900900900917
284	0.000900900900900917
285	0.000900900900900917
286	0.000900900900900917
287	0.000900900900900917
288	0.000900900900900917
289	0.000900900900900917
290	0.000900900900900917
291	0.000900900900900917
292	0.000900900900900917
293	0.000900900900900917
294	0.000900900900900917
295	0.000900900900900917
296	0.000900900900900917
297	0.000900900900900917
298	0.000900900900900917
299	0.000900900900900917
300	0.000900900900900917
301	0.000900900900900917
302	0.000900900900900917
303	0.000900900900900917
304	0.000900900900900917
305	0.000900900900900917
306	0.000900900900900917
307	0.000900900900900917
308	0.000900900900900917
309	0.000900900900900917
310	0.000900900900900917
311	0.000900900900900917
312	0.000900900900900917
313	0.000900900900900917
314	0.000900900900900917
315	0.000900900900900917
316	0.000900900900900917
317	0.000900900900900917
318	0.000900900900900917
319	0.000900900900900917
320	0.000900900900900917
321	0.000900900900900917
322	0.000900900900900917
323	0.000900900900900917
324	0.000900900900900917
325	0.000900900900900917
326	0.000900900900900917
327	0.000900900900900917
328	0.000900900900900917
329	0.000900900900900917
330	0.000900900900900917
331	0.000900900900900917
332	0.000900900900900917
333	0.000900900900900917
334	0.000900900900900917
335	0.000900900900900917
336	0.000900900900900917
337	0.000900900900900917
338	0.000900900900900917
339	0.000900900900900917
340	0.000900900900900917
341	0.000900900900900917
342	0.000900900900900917
343	0.000900900900900917
344	0.000900900900900917
345	0.000900900900900917
346	0.000900900900900917
347	0.000900900900900917
348	0.000900900900900917
349	0.000900900900900917
350	0.000900900900900917
351	0.000900900900900917
352	0.000900900900900917
353	0.000900900900900917
354	0.000900900900900917
355	0.000900900900900917
356	0.000900900900900917
357	0.000900900900900917
358	0.000900900900900917
359	0.000900900900900917
360	0.000900900900900917
361	0.000900900900900917
362	0.000900900900900917
363	0.000900900900900917
364	0.000900900900900917
365	0.000900900900900917
366	0.000900900900900917
367	0.000900900900900917
368	0.000900900900900917
369	0.000900900900900917
370	0.000900900900900917
371	0.000900900900900917
372	0.000900900900900917
373	0.000900900900900917
374	0.000900900900900917
375	0.000900900900900917
376	0.000900900900900917
377	0.000900900900900917
378	0.000900900900900917
379	0.000900900900900917
380	0.000900900900900917
381	0.000900900900900917
382	0.000900900900900917
383	0.000900900900900917
384	0.000900900900900917
385	0.000900900900900917
386	0.000900900900900917
387	0.000900900900900917
388	0.000900900900900917
389	0.000900900900900917
390	0.000900900900900917
391	0.000900900900900917
392	0.000900900900900917
393	0.000900900900900917
394	0.000900900900900917
395	0.000900900900900917
396	0.000900900900900917
397	0.000900900900900917
398	0.000900900900900917
399	0.000900900900900917
400	0.000900900900900917
401	0.000900900900900917
402	0.000900900900900917
403	0.000900900900900917
404	0.000900900900900917
405	0.000900900900900917
406	0.000900900900900917
407	0.000900900900900917
408	0.000900900900900917
409	0.000900900900900917
410	0.000900900900900917
411	0.000900900900900917
412	0.000900900900900917
413	0.000900900900900917
414	0.000900900900900917
415	0.000900900900900917
416	0.000900900900900917
417	0.000900900900900917
418	0.000900900900900917
419	0.000900900900900917
420	0.000900900900900917
421	0.000900900900900917
422	0.000900900900900917
423	0.000900900900900917
424	0.000900900900900917
425	0.000900900900900917
426	0.000900900900900917
427	0.000900900900900917
428	0.000900900900900917
429	0.000900900900900917
430	0.000900900900900917
431	0.000900900900900917
432	0.000900900900900917
433	0.000900900900900917
434	0.000900900900900917
435	0.000900900900900917
436	0.000900900900900917
437	0.000900900900900917
438	0.000900900900900917
439	0.000900900900900917
440	0.000900900900900917
441	0.000900900900900917
442	0.000900900900900917
443	0.000900900900900917
444	0.000900900900900917
445	0.000900900900900917
446	0.000900900900900917
447	0.000900900900900917
448	0.000900900900900917
449	0.000900900900900917
450	0.000900900900900917
451	0.000900900900900917
452	0.000900900900900917
453	0.000900900900900917
454	0.000900900900900917
455	0.000900900900900917
456	0.000900900900900917
457	0.000900900900900917
458	0.000900900900900917
459	0.000900900900900917
460	0.000900900900900917
461	0.000900900900900917
462	0.000900900900900917
463	0.000900900900900917
464	0.000900900900900917
465	0.000900900900900917
466	0.000900900900900917
467	0.000900900900900917
468	0.000900900900900917
469	0.000900900900900917
470	0.000900900900900917
471	0.000900900900900917
472	0.000900900900900917
473	0.000900900900900917
474	0.000900900900900917
475	0.000900900900900917
476	0.000900900900900917
477	0.000900900900900917
478	0.000900900900900917
479	0.000900900900900917
480	0.000900900900900917
481	0.000900900900900917
482	0.000900900900900917
483	0.000900900900900917
484	0.000900900900900917
485	0.000900900900900917
486	0.000900900900900917
487	0.000900900900900917
488	0.000900900900900917
489	0.000900900900900917
490	0.000900900900900917
491	0.000900900900900917
492	0.000900900900900917
493	0.000900900900900917
494	0.000900900900900917
495	0.000900900900900917
496	0.000900900900900917
497	0.000900900900900917
498	0.000900900900900917
499	0.000900900900900917
500	0.000900900900900917
501	0.000900900900900917
502	0.000900900900900917
503	0.000900900900900917
504	0.000900900900900917
505	0.000900900900900917
506	0.000900900900900917
507	0.000900900900900917
508	0.000900900900900917
509	0.000900900900900917
510	0.000900900900900917
511	0.000900900900900917
512	0.000900900900900917
513	0.000900900900900917
514	0.000900900900900917
515	0.000900900900900917
516	0.000900900900900917
517	0.000900900900900917
518	0.000900900900900917
519	0.000900900900900917
520	0.000900900900900917
521	0.000900900900900917
522	0.000900900900900917
523	0.000900900900900917
524	0.000900900900900917
525	0.000900900900900917
526	0.000900900900900917
527	0.000900900900900917
528	0.000900900900900917
529	0.000900900900900917
530	0.000900900900900917
531	0.000900900900900917
532	0.000900900900900917
533	0.000900900900900917
534	0.000900900900900917
535	0.000900900900900917
536	0.000900900900900917
537	0.000900900900900917
538	0.000900900900900917
539	0.000900900900900917
540	0.000900900900900917
541	0.000900900900900917
542	0.000900900900900917
543	0.000900900900900917
544	0.000900900900900917
545	0.000900900900900917
546	0.000900900900900917
547	0.000900900900900917
548	0.000900900900900917
549	0.000900900900900917
550	0.000900900900900917
551	0.000900900900900917
552	0.000900900900900917
553	0.000900900900900917
554	0.000900900900900917
555	0.000900900900900917
556	0.000900900900900917
557	0.000900900900900917
558	0.000900900900900917
559	0.000900900900900917
560	0.000900900900900917
561	0.000900900900900917
562	0.000900900900900917
563	0.000900900900900917
564	0.000900900900900917
565	0.000900900900900917
566	0.000900900900900917
567	0.000900900900900917
568	0.000900900900900917
569	0.000900900900900917
570	0.000900900900900917
571	0.000900900900900917
572	0.000900900900900917
573	0.000900900900900917
574	0.000900900900900917
575	0.000900900900900917
576	0.000900900900900917
577	0.000900900900900917
578	0.000900900900900917
579	0.000900900900900917
580	0.000900900900900917
581	0.000900900900900917
582	0.000900900900900917
583	0.000900900900900917
584	0.000900900900900917
585	0.000900900900900917
586	0.000900900900900917
587	0.000900900900900917
588	0.000900900900900917
589	0.000900900900900917
590	0.000900900900900917
591	0.000900900900900917
592	0.000900900900900917
593	0.000900900900900917
594	0.000900900900900917
595	0.000900900900900917
596	0.000900900900900917
597	0.000900900900900917
598	0.000900900900900917
599	0.000900900900900917
600	0.000900900900900917
601	0.000900900900900917
602	0.000900900900900917
603	0.000900900900900917
604	0.000900900900900917
605	0.000900900900900917
606	0.000900900900900917
607	0.000900900900900917
608	0.000900900900900917
609	0.000900900900900917
610	0.000900900900900917
611	0.000900900900900917
612	0.000900900900900917
613	0.000900900900900917
614	0.000900900900900917
615	0.000900900900900917
616	0.000900900900900917
617	0.000900900900900917
618	0.000900900900900917
619	0.000900900900900917
620	0.000900900900900917
621	0.000900900900900917
622	0.000900900900900917
623	0.000900900900900917
624	0.000900900900900917
625	0.000900900900900917
626	0.000900900900900917
627	0.000900900900900917
628	0.000900900900900917
629	0.000900900900900917
630	0.000900900900900917
631	0.000900900900900917
632	0.000900900900900917
633	0.000900900900900917
634	0.000900900900900917
635	0.000900900900900917
636	0.000900900900900917
637	0.000900900900900917
638	0.000900900900900917
639	0.000900900900900917
640	0.000900900900900917
641	0.000900900900900917
642	0.000900900900900917
643	0.000900900900900917
644	0.000900900900900917
645	0.000900900900900917
646	0.000900900900900917
647	0.000900900900900917
648	0.000900900900900917
649	0.000900900900900917
650	0.000900900900900917
651	0.000900900900900917
652	0.000900900900900917
653	0.000900900900900917
654	0.000900900900900917
655	0.000900900900900917
656	0.000900900900900917
657	0.000900900900900917
658	0.000900900900900917
659	0.000900900900900917
660	0.000900900900900917
661	0.000900900900900917
662	0.000900900900900917
663	0.000900900900900917
664	0.000900900900900917
665	0.000900900900900917
666	0.000900900900900917
667	0.000900900900900917
668	0.000900900900900917
669	0.000900900900900917
670	0.000900900900900917
671	0.000900900900900917
672	0.000900900900900917
673	0.000900900900900917
674	0.000900900900900917
675	0.000900900900900917
676	0.000900900900900917
677	0.000900900900900917
678	0.000900900900900917
679	0.000900900900900917
680	0.000900900900900917
681	0.000900900900900917
682	0.000900900900900917
683	0.000900900900900917
684	0.000900900900900917
685	0.000900900900900917
686	0.000900900900900917
687	0.000900900900900917
688	0.000900900900900917
689	0.000900900900900917
690	0.000900900900900917
691	0.000900900900900917
692	0.000900900900900917
693	0.000900900900900917
694	0.000900900900900917
695	0.000900900900900917
696	0.000900900900900917
697	0.000900900900900917
698	0.000900900900900917
699	0.000900900900900917
700	0.000900900900900917
701	0.000900900900900917
702	0.000900900900900917
703	0.000900900900900917
704	0.000900900900900917
705	0.000900900900900917
706	0.000900900900900917
707	0.000900900900900917
708	0.000900900900900917
709	0.000900900900900917
710	0.000900900900900917
711	0.000900900900900917
712	0.000900900900900917
713	0.000900900900900917
714	0.000900900900900917
715	0.000900900900900917
716	0.000900900900900917
717	0.000900900900900917
718	0.000900900900900917
719	0.000900900900900917
720	0.000900900900900917
721	0.000900900900900917
722	0.000900900900900917
723	0.000900900900900917
724	0.000900900900900917
725	0.000900900900900917
726	0.000900900900900917
727	0.000900900900900917
728	0.000900900900900917
729	0.000900900900900917
730	0.000900900900900917
731	0.000900900900900917
732	0.000900900900900917
733	0.000900900900900917
734	0.000900900900900917
735	0.000900900900900917
736	0.000900900900900917
737	0.000900900900900917
738	0.000900900900900917
739	0.000900900900900917
740	0.000900900900900917
741	0.000900900900900917
742	0.000900900900900917
743	0.000900900900900917
744	0.000900900900900917
745	0.000900900900900917
746	0.000900900900900917
747	0.000900900900900917
748	0.000900900900900917
749	0.000900900900900917
750	0.000900900900900917
751	0.000900900900900917
752	0.000900900900900917
753	0.000900900900900917
754	0.000900900900900917
755	0.000900900900900917
756	0.000900900900900917
757	0.000900900900900917
758	0.000900900900900917
759	0.000900900900900917
760	0.000900900900900917
761	0.000900900900900917
762	0.000900900900900917
763	0.000900900900900917
764	0.000900900900900917
765	0.000900900900900917
766	0.000900900900900917
767	0.000900900900900917
768	0.000900900900900917
769	0.000900900900900917
770	0.000900900900900917
771	0.000900900900900917
772	0.000900900900900917
773	0.000900900900900917
774	0.000900900900900917
775	0.000900900900900917
776	0.000900900900900917
777	0.000900900900900917
778	0.000900900900900917
779	0.000900900900900917
780	0.000900900900900917
781	0.000900900900900917
782	0.000900900900900917
783	0.000900900900900917
784	0.000900900900900917
785	0.000900900900900917
786	0.000900900900900917
787	0.000900900900900917
788	0.000900900900900917
789	0.000900900900900917
790	0.000900900900900917
791	0.000900900900900917
792	0.000900900900900917
793	0.000900900900900917
794	0.000900900900900917
795	0.000900900900900917
796	0.000900900900900917
797	0.000900900900900917
798	0.000900900900900917
799	0.000900900900900917
800	0.000900900900900917
801	0.000900900900900917
802	0.000900900900900917
803	0.000900900900900917
804	0.000900900900900917
805	0.000900900900900917
806	0.000900900900900917
807	0.000900900900900917
808	0.000900900900900917
809	0.000900900900900917
810	0.000900900900900917
811	0.000900900900900917
812	0.000900900900900917
813	0.000900900900900917
814	0.000900900900900917
815	0.000900900900900917
816	0.000900900900900917
817	0.000900900900900917
818	0.000900900900900917
819	0.000900900900900917
820	0.000900900900900917
821	0.000900900900900917
822	0.000900900900900917
823	0.000900900900900917
824	0.000900900900900917
825	0.000900900900900917
826	0.000900900900900917
827	0.000900900900900917
828	0.000900900900900917
829	0.000900900900900917
830	0.000900900900900917
831	0.000900900900900917
832	0.000900900900900917
833	0.000900900900900917
834	0.000900900900900917
835	0.000900900900900917
836	0.000900900900900917
837	0.000900900900900917
838	0.000900900900900917
839	0.000900900900900917
840	0.000900900900900917
841	0.000900900900900917
842	0.000900900900900917
843	0.000900900900900917
844	0.000900900900900917
845	0.000900900900900917
846	0.000900900900900917
847	0.000900900900900917
848	0.000900900900900917
849	0.000900900900900917
850	0.000900900900900917
851	0.000900900900900917
852	0.000900900900900917
853	0.000900900900900917
854	0.000900900900900917
855	0.000900900900900917
856	0.000900900900900917
857	0.000900900900900917
858	0.000900900900900917
859	0.000900900900900917
860	0.000900900900900917
861	0.000900900900900917
862	0.000900900900900917
863	0.000900900900900917
864	0.000900900900900917
865	0.000900900900900917
866	0.000900900900900917
867	0.000900900900900917
868	0.000900900900900917
869	0.000900900900900917
870	0.000900900900900917
871	0.000900900900900917
872	0.000900900900900917
873	0.000900900900900917
874	0.000900900900900917
875	0.000900900900900917
876	0.000900900900900917
877	0.000900900900900917
878	0.000900900900900917
879	0.000900900900900917
880	0.000900900900900917
881	0.000900900900900917
882	0.000900900900900917
883	0.000900900900900917
884	0.000900900900900917
885	0.000900900900900917
886	0.000900900900900917
887	0.000900900900900917
888	0.000900900900900917
889	0.000900900900900917
890	0.000900900900900917
891	0.000900900900900917
892	0.000900900900900917
893	0.000900900900900917
894	0.000900900900900917
895	0.000900900900900917
896	0.000900900900900917
897	0.000900900900900917
898	0.000900900900900917
899	0.000900900900900917
900	0.000900900900900917
901	0.000900900900900917
902	0.000900900900900917
903	0.000900900900900917
904	0.000900900900900917
905	0.000900900900900917
906	0.000900900900900917
907	0.000900900900900917
908	0.000900900900900917
909	0.000900900900900917
910	0.000900900900900917
911	0.000900900900900917
912	0.000900900900900917
913	0.000900900900900917
914	0.000900900900900917
915	0.000900900900900917
916	0.000900900900900917
917	0.000900900900900917
918	0.000900900900900917
919	0.000900900900900917
920	0.000900900900900917
921	0.000900900900900917
922	0.000900900900900917
923	0.000900900900900917
924	0.000900900900900917
925	0.000900900900900917
926	0.000900900900900917
927	0.000900900900900917
928	0.000900900900900917
929	0.000900900900900917
930	0.000900900900900917
931	0.000900900900900917
932	0.000900900900900917
933	0.000900900900900917
934	0.000900900900900917
935	0.000900900900900917
936	0.000900900900900917
937	0.000900900900900917
938	0.000900900900900917
939	0.000900900900900917
940	0.000900900900900917
941	0.000900900900900917
942	0.000900900900900917
943	0.000900900900900917
944	0.000900900900900917
945	0.000900900900900917
946	0.000900900900900917
947	0.000900900900900917
948	0.000900900900900917
949	0.000900900900900917
950	0.000900900900900917
951	0.000900900900900917
952	0.000900900900900917
953	0.000900900900900917
954	0.000900900900900917
955	0.000900900900900917
956	0.000900900900900917
957	0.000900900900900917
958	0.000900900900900917
959	0.000900900900900917
960	0.000900900900900917
961	0.000900900900900917
962	0.000900900900900917
963	0.000900900900900917
964	0.000900900900900917
965	0.000900900900900917
966	0.000900900900900917
967	0.000900900900900917
968	0.000900900900900917
969	0.000900900900900917
970	0.000900900900900917
971	0.000900900900900917
972	0.000900900900900917
973	0.000900900900900917
974	0.000900900900900917
975	0.000900900900900917
976	0.000900900900900917
977	0.000900900900900917
978	0.000900900900900917
979	0.000900900900900917
980	0.000900900900900917
981	0.000900900900900917
982	0.000900900900900917
983	0.000900900900900917
984	0.000900900900900917
985	0.000900900900900917
986	0.000900900900900917
987	0.000900900900900917
988	0.000900900900900917
989	0.000900900900900917
990	0.000900900900900917
991	0.000900900900900917
992	0.000900900900900917
993	0.000900900900900917
994	0.000900900900900917
995	0.000900900900900917
996	0.000900900900900917
997	0.000900900900900917
998	0.000900900900900917
999	0.000900900900900917
1000	0.000900900900900917
1001	0.000900900900900917
1002	0.000900900900900917
1003	0.000900900900900917
1004	0.000900900900900917
1005	0.000900900900900917
1006	0.000900900900900917
1007	0.000900900900900917
1008	0.000900900900900917
1009	0.000900900900900917
1010	0.000900900900900917
1011	0.000900900900900917
1012	0.000900900900900917
1013	0.000900900900900917
1014	0.000900900900900917
1015	0.000900900900900917
1016	0.000900900900900917
1017	0.000900900900900917
1018	0.000900900900900917
1019	0.000900900900900917
1020	0.000900900900900917
1021	0.000900900900900917
1022	0.000900900900900917
1023	0.000900900900900917
1024	0.000900900900900917
1025	0.000900900900900917
1026	0.000900900900900917
1027	0.000900900900900917
1028	0.000900900900900917
1029	0.000900900900900917
1030	0.000900900900900917
1031	0.000900900900900917
1032	0.000900900900900917
1033	0.000900900900900917
1034	0.000900900900900917
1035	0.000900900900900917
1036	0.000900900900900917
1037	0.000900900900900917
1038	0.000900900900900917
1039	0.000900900900900917
1040	0.000900900900900917
1041	0.000900900900900917
1042	0.000900900900900917
1043	0.000900900900900917
1044	0.000900900900900917
1045	0.000900900900900917
1046	0.000900900900900917
1047	0.000900900900900917
1048	0.000900900900900917
1049	0.000900900900900917
1050	0.000900900900900917
1051	0.000900900900900917
1052	0.000900900900900917
1053	0.000900900900900917
1054	0.000900900900900917
1055	0.000900900900900917
1056	0.000900900900900917
1057	0.000900900900900917
1058	0.000900900900900917
1059	0.000900900900900917
1060	0.000900900900900917
1061	0.000900900900900917
1062	0.000900900900900917
1063	0.000900900900900917
1064	0.000900900900900917
1065	0.000900900900900917
1066	0.000900900900900917
1067	0.000900900900900917
1068	0.000900900900900917
1069	0.000900900900900917
1070	0.000900900900900917
1071	0.000900900900900917
1072	0.000900900900900917
1073	0.000900900900900917
1074	0.000900900900900917
1075	0.000900900900900917
1076	0.000900900900900917
1077	0.000900900900900917
1078	0.000900900900900917
1079	0.000900900900900917
1080	0.000900900900900917
1081	0.000900900900900917
1082	0.000900900900900917
1083	0.000900900900900917
1084	0.000900900900900917
1085	0.000900900900900917
1086	0.000900900900900917
1087	0.000900900900900917
1088	0.000900900900900917
1089	0.000900900900900917
1090	0.000900900900900917
1091	0.000900900900900917
1092	0.000900900900900917
1093	0.000900900900900917
1094	0.000900900900900917
1095	0.000900900900900917
1096	0.000900900900900917
1097	0.000900900900900917
1098	0.000900900900900917
1099	0.000900900900900917
1100	0.000900900900900917
1101	0.000900900900900917
1102	0.000900900900900917
1103	0.000900900900900917
1104	0.000900900900900917
1105	0.000900900900900917
1106	0.000900900900900917
1107	0.000900900900900917
1108	0.000900900900900917
1109	0.000900900900900917
1110	0.000900900900900917
