1	1.2773337509236482e-11
2	3.2862490398181954e-13
3	1.31334845342862e-11
4	6.793797837668925e-13
5	6.793864516102532e-13
6	1.3520895774526975e-11
7	1.0570215492819446e-12
8	1.0570990697372773e-12
9	1.0567444272066573e-12
10	1.3942414063550235e-11
11	1.4684689011654206e-12
12	1.4675885290013624e-12
13	1.4682520607309235e-12
14	1.4679872985604026e-12
15	1.4407675139743725e-11
16	1.921645568364605e-12
17	1.9219621553989708e-12
18	1.92189124857689e-12
19	1.9217150657238613e-12
20	1.922121858378978e-12
21	1.494005700403145e-11
22	2.4406678934829618e-12
23	2.4400914231878512e-12
24	2.4402092759640004e-12
25	2.4403393802246987e-12
26	2.4403742915346527e-12
27	2.440413214392645e-12
28	1.5595992379491275e-11
29	3.0760009340005667e-12
30	3.0761857904709755e-12
31	3.076870030462031e-12
32	3.0765011848829515e-12
33	3.0764103287408973e-12
34	3.07631643683276e-12
35	3.0765202668411873e-12
36	1.647253730988063e-11
37	3.922496767498618e-12
38	3.92280836720299e-12
39	3.9233503598690156e-12
40	3.922823437613188e-12
41	3.9231509750894955e-12
42	3.922591960449362e-12
43	3.923451190671057e-12
44	3.922750796067631e-12
45	1.7676261929860937e-11
46	5.085669624142752e-12
47	5.084328899736257e-12
48	5.085041654244449e-12
49	5.085053363627912e-12
50	5.085144545030618e-12
51	5.0851383650782345e-12
52	5.085125029391513e-12
53	5.0852172949963914e-12
54	5.0850825286663515e-12
55	1.9272740521547593e-11
56	6.63095153872334e-12
57	6.630993605767632e-12
58	6.6306573946739444e-12
59	6.63076592331141e-12
60	6.631175860152827e-12
61	6.6305426860840955e-12
62	6.6316760026149946e-12
63	6.630710520580396e-12
64	6.630911531663175e-12
65	6.631254681650767e-12
66	2.1257883040665115e-11
67	8.562194898399655e-12
68	8.562243795917635e-12
69	8.561696490660964e-12
70	8.562912098136755e-12
71	8.562105885401294e-12
72	8.562384850620275e-12
73	8.562339422549248e-12
74	8.562164865999478e-12
75	8.562434615499992e-12
76	8.56167025296839e-12
77	8.56263053083256e-12
78	2.3554786593438237e-11
79	1.0809199455646956e-11
80	1.0807446842835133e-11
81	1.0810181200714142e-11
82	1.080772396491042e-11
83	1.0808210012744346e-11
84	1.08087106973076e-11
85	1.0808608673883169e-11
86	1.080875363171363e-11
87	1.080812197552794e-11
88	1.08087603537671e-11
89	1.0808630900027705e-11
90	1.0808399314443662e-11
91	2.603589436059317e-11
92	1.3248176644262144e-11
93	1.3247917303102485e-11
94	1.3248350767131045e-11
95	1.3248413000335746e-11
96	1.3247487091680443e-11
97	1.3249048559649257e-11
98	1.3247614810696362e-11
99	1.3248286582362434e-11
100	1.3248200930390808e-11
101	1.3248347080843659e-11
102	1.3248332986215416e-11
103	1.3248220012349043e-11
104	1.3248216542902091e-11
105	2.854707355920416e-11
106	1.57305058735846e-11
107	1.573026821646839e-11
108	1.573184876639544e-11
109	1.5730394634441702e-11
110	1.57310150149248e-11
111	1.5730349531631327e-11
112	1.573112798879117e-11
113	1.573044949507163e-11
114	1.5730601500216213e-11
115	1.573093304924056e-11
116	1.5730279925851853e-11
117	1.5731305147426156e-11
118	1.5730607354907944e-11
119	1.573070363206086e-11
120	3.0933631090662717e-11
121	1.8102092307764606e-11
122	1.8103742246630694e-11
123	1.8102818072698867e-11
124	1.810292432451177e-11
125	1.8103956918660846e-11
126	1.8103401373467665e-11
127	1.8103555113335723e-11
128	1.8103610624486954e-11
129	1.81025567799753e-11
130	1.8103527574600542e-11
131	1.8103089990603727e-11
132	1.8103345428635564e-11
133	1.8103503288471878e-11
134	1.810294644223609e-11
135	1.810293386549089e-11
136	3.305720454316319e-11
137	2.022727536681035e-11
138	2.0227994192850707e-11
139	2.022701255620374e-11
140	2.0226628965475113e-11
141	2.0227286859353377e-11
142	2.022717128340179e-11
143	2.0227618842058592e-11
144	2.0226708112233704e-11
145	2.0226401066178457e-11
146	2.022737619761239e-11
147	2.022762447990989e-11
148	2.0226795932609676e-11
149	2.0227256718532982e-11
150	2.0226794414726634e-11
151	2.0227253899607334e-11
152	2.0227137889974878e-11
153	3.480507635572616e-11
154	2.1988207478743083e-11
155	2.1988587600024756e-11
156	2.1989397499047603e-11
157	2.1987466968659275e-11
158	2.1988672818315513e-11
159	2.1988761722893657e-11
160	2.1988382685814156e-11
161	2.198820010616831e-11
162	2.1988086481780633e-11
163	2.198943934925146e-11
164	2.198767838808291e-11
165	2.1988004949777262e-11
166	2.1988539244607863e-11
167	2.1988289661267757e-11
168	2.1988162159092273e-11
169	2.198843884748669e-11
170	2.1988665228900306e-11
171	3.609356953940268e-11
172	2.3299986289318508e-11
173	2.3301278875148546e-11
174	2.3299706131477138e-11
175	2.3301812953138712e-11
176	2.3301424375080093e-11
177	2.3300663265155008e-11
178	2.3301673307898896e-11
179	2.3300499767467397e-11
180	2.3300991127891968e-11
181	2.3300709018486687e-11
182	2.3300521017829978e-11
183	2.3301292969776788e-11
184	2.330055289337385e-11
185	2.3301559466670785e-11
186	2.3300780142149202e-11
187	2.3301008691967162e-11
188	2.3301003921477603e-11
189	2.3300933014655523e-11
190	3.6870955941181727e-11
191	2.4109696660987168e-11
192	2.4111492316625238e-11
193	2.411067656291066e-11
194	2.4110880826599956e-11
195	2.4109697962029775e-11
196	2.4110787585213123e-11
197	2.4110638182153754e-11
198	2.4110184551964786e-11
199	2.411150836281739e-11
200	2.411011776511096e-11
201	2.4110686971251516e-11
202	2.4110782814723564e-11
203	2.411038491252626e-11
204	2.4111042806404526e-11
205	2.411054689233083e-11
206	2.411083138698089e-11
207	2.4110707787933228e-11
208	2.411090663061166e-11
209	2.4110797343032675e-11
210	3.710975016862905e-11
211	2.4387337201753345e-11
212	2.4387466438652305e-11
213	2.4386581729679557e-11
214	2.4386889643096543e-11
215	2.4387180642959638e-11
216	2.4388517681078747e-11
217	2.438750048260052e-11
218	2.4387305976730778e-11
219	2.438813213878621e-11
220	2.438691739867216e-11
221	2.4387040780879388e-11
222	2.4387940451842116e-11
223	2.438762625005253e-11
224	2.4387971243183815e-11
225	2.4387129251776662e-11
226	2.4387403121245432e-11
227	2.438745646399232e-11
228	2.438713207070231e-11
229	2.438776806369669e-11
230	2.4387241791962166e-11
231	3.680509889913974e-11
232	2.4123701950970466e-11
233	2.4124414488638224e-11
234	2.412354582585763e-11
235	2.4124215429119356e-11
236	2.4123586158178445e-11
237	2.4124089661667347e-11
238	2.4123979723567057e-11
239	2.4123626273658827e-11
240	2.41246085608271e-11
241	2.412351351663289e-11
242	2.4123896239999776e-11
243	2.4123692626831783e-11
244	2.412479287519642e-11
245	2.4123492483110742e-11
246	2.4123804516495984e-11
247	2.412360610749842e-11
248	2.4124470433470324e-11
249	2.4123742283291283e-11
250	2.4123843981455062e-11
251	2.412386024448765e-11
252	2.4123956738481e-11
253	3.5970052023742705e-11
254	2.3329732676963255e-11
255	2.3333256550864268e-11
256	2.333033180708377e-11
257	2.3331374809573702e-11
258	2.3331197000417414e-11
259	2.3330739467100625e-11
260	2.333110419271145e-11
261	2.3330302967305983e-11
262	2.3331534187293057e-11
263	2.3331481928748343e-11
264	2.3330760717463206e-11
265	2.3331394108372372e-11
266	2.3331387169478468e-11
267	2.3330783702549263e-11
268	2.333108641179582e-11
269	2.333157863958213e-11
270	2.3330817963337913e-11
271	2.333135399289199e-11
272	2.3331007698718098e-11
273	2.333107101612497e-11
274	2.333101832389939e-11
275	2.3331077304497572e-11
276	3.4631257063433285e-11
277	2.2034760084263527e-11
278	2.2033625358269804e-11
279	2.2033538188415136e-11
280	2.2033807070553912e-11
281	2.203476897472134e-11
282	2.203276840487267e-11
283	2.2035222821750744e-11
284	2.2033199266816017e-11
285	2.203426547123244e-11
286	2.20338484870769e-11
287	2.2034115200811333e-11
288	2.2034239233539865e-11
289	2.20337177322949e-11
290	2.2034008732157995e-11
291	2.2034157701536494e-11
292	2.2033581990182904e-11
293	2.2034000058540615e-11
294	2.2033717081773596e-11
295	2.2033858895417757e-11
296	2.2033822032543893e-11
297	2.2034084843150503e-11
298	2.2033886867833807e-11
299	2.203374570471095e-11
300	3.282355160241779e-11
301	2.026750121897347e-11
302	2.0265230899624287e-11
303	2.0264943586048578e-11
304	2.0265697973920194e-11
305	2.026660241537248e-11
306	2.026508735125665e-11
307	2.0265717923240167e-11
308	2.0266147484140906e-11
309	2.026618716594042e-11
310	2.0265463135729633e-11
311	2.0265073473468842e-11
312	2.0265433428590107e-11
313	2.0266338737404133e-11
314	2.0265458798920943e-11
315	2.026570990014409e-11
316	2.0265913513312084e-11
317	2.0266183262812598e-11
318	2.026523436907124e-11
319	2.0265809863584394e-11
320	2.0266042316530175e-11
321	2.026536599121498e-11
322	2.0265771265987054e-11
323	2.0265808996222656e-11
324	2.0265792516349634e-11
325	3.0588881688026204e-11
326	1.8067420172809823e-11
327	1.8067915002681345e-11
328	1.8068456453246284e-11
329	1.8066661014448648e-11
330	1.8067338857646886e-11
331	1.806796097285346e-11
332	1.8067290502229993e-11
333	1.806745421675804e-11
334	1.8067523605697078e-11
335	1.806713936444715e-11
336	1.8068060068932024e-11
337	1.806728703278304e-11
338	1.806750582478145e-11
339	1.8067142400213232e-11
340	1.806786274413663e-11
341	1.8067349265987742e-11
342	1.806771182319422e-11
343	1.8067564371698763e-11
344	1.806755071075139e-11
345	1.8067414968639395e-11
346	1.8067669539309494e-11
347	1.8067692307555117e-11
348	1.8067654577319514e-11
349	1.8067482406014523e-11
350	1.8067796824644544e-11
351	2.7972097294687304e-11
352	1.548207894351561e-11
353	1.5483336618035692e-11
354	1.5483470842264646e-11
355	1.548379935552291e-11
356	1.5483834483673298e-11
357	1.548325551971319e-11
358	1.5482882554165855e-11
359	1.5483886959058446e-11
360	1.5483563866811045e-11
361	1.548295172626446e-11
362	1.5484156925399395e-11
363	1.5483338786440037e-11
364	1.54838225574494e-11
365	1.5483054508630412e-11
366	1.548343918356121e-11
367	1.5483362855728267e-11
368	1.548351681243676e-11
369	1.548354001436325e-11
370	1.548375793899992e-11
371	1.548314363004899e-11
372	1.5483693971071744e-11
373	1.5483357868398273e-11
374	1.548367835856046e-11
375	1.5483291298384882e-11
376	1.5483451109785107e-11
377	1.5483348327419155e-11
378	2.501935941409683e-11
379	1.2559624564326133e-11
380	1.255918806453149e-11
381	1.2559339852835638e-11
382	1.255846772060809e-11
383	1.2558768911971607e-11
384	1.2559822539642829e-11
385	1.2558281020993989e-11
386	1.2559830129058036e-11
387	1.2559147732210674e-11
388	1.2558497644588051e-11
389	1.255927241546051e-11
390	1.2559184595084538e-11
391	1.2558975777746118e-11
392	1.2559071187537296e-11
393	1.2559182209839759e-11
394	1.2558689331532147e-11
395	1.2559165513126302e-11
396	1.2559013291141286e-11
397	1.2559011773258244e-11
398	1.255906706756904e-11
399	1.255903909515299e-11
400	1.2559130818656783e-11
401	1.2558963201000917e-11
402	1.2559009604853899e-11
403	1.2559011773258244e-11
404	1.2559049286653412e-11
405	1.2558981849278283e-11
406	2.1776437424125827e-11
407	9.340041327160487e-12
408	9.339752495701736e-12
409	9.340523580286808e-12
410	9.339598755833678e-12
411	9.339932256421934e-12
412	9.340175334549006e-12
413	9.339963698284937e-12
414	9.3402551318289e-12
415	9.339847038131177e-12
416	9.3397704934578e-12
417	9.339624993526252e-12
418	9.340559142118066e-12
419	9.340031786181369e-12
420	9.33981581310861e-12
421	9.340189862858117e-12
422	9.339917944953258e-12
423	9.33987132425984e-12
424	9.340065179608281e-12
425	9.339762470361723e-12
426	9.340367238333536e-12
427	9.339634968186239e-12
428	9.340006199010098e-12
429	9.339977792913179e-12
430	9.339972805583185e-12
431	9.3398886714946e-12
432	9.340097271992587e-12
433	9.339806272129492e-12
434	9.340110282418657e-12
435	1.82874297302571e-11
436	5.8692740338012195e-12
437	5.870435864849255e-12
438	5.870345008707201e-12
439	5.869819170653545e-12
440	5.870345008707201e-12
441	5.870545802949545e-12
442	5.869729615554098e-12
443	5.8708129503648454e-12
444	5.869795101365316e-12
445	5.870176740530031e-12
446	5.869613172240773e-12
447	5.8706258170698744e-12
448	5.870404422986253e-12
449	5.870239190575166e-12
450	5.870082414941025e-12
451	5.869951226478154e-12
452	5.87012318094271e-12
453	5.870295135407266e-12
454	5.870567053312126e-12
455	5.870044684705422e-12
456	5.870349128675456e-12
457	5.8704391174557724e-12
458	5.869624881624236e-12
459	5.870292099641183e-12
460	5.870259356735574e-12
461	5.870182812062197e-12
462	5.870233769564304e-12
463	5.870065718227568e-12
464	5.870385991549321e-12
465	1.4594325747907533e-11
466	2.1916357617612903e-12
467	2.1915455561405395e-12
468	2.1917231484563926e-12
469	2.1913384735255947e-12
470	2.1912877328639224e-12
471	2.1917689017880715e-12
472	2.1914108982307168e-12
473	2.1917563250428707e-12
474	2.191438870646767e-12
475	2.1917999099702046e-12
476	2.191576781163107e-12
477	2.1916925739551285e-12
478	2.191847181184925e-12
479	2.191424125497221e-12
480	2.192094162439817e-12
481	2.1914520979132712e-12
482	2.1920460238633588e-12
483	2.1915253899801312e-12
484	2.191503489096247e-12
485	2.191869515749678e-12
486	2.1918905492718244e-12
487	2.1915459898214085e-12
488	2.1918701662709816e-12
489	2.191403091975075e-12
490	2.1917227147755236e-12
491	2.1918090172684535e-12
492	2.191681515092969e-12
493	2.191668287826465e-12
494	2.1917576260854776e-12
495	2.1916361954421593e-12
496	1.0736942151340356e-11
497	1.6553006795122505e-12
498	1.656190375814992e-12
499	1.6546122111327222e-12
500	1.6562612826370726e-12
501	1.6548557229406624e-12
502	1.6562137945819178e-12
503	1.654891718452789e-12
504	1.6556814513152274e-12
505	1.6552837659583597e-12
506	1.6558085198098427e-12
507	1.6548928026549614e-12
508	1.6555311808941209e-12
509	1.6554446615607565e-12
510	1.6558037493202837e-12
511	1.6554002092716846e-12
512	1.6556133634187953e-12
513	1.6553867651647458e-12
514	1.6555149178615336e-12
515	1.6553407949926324e-12
516	1.6553577085465232e-12
517	1.6556736450595855e-12
518	1.6554680803276822e-12
519	1.6553204119917897e-12
520	1.6558263007254714e-12
521	1.6551972466249953e-12
522	1.6554843433602695e-12
523	1.6556543462609152e-12
524	1.6553522875356608e-12
525	1.6555021242758983e-12
526	1.6555105810528437e-12
527	1.6555066779250227e-12
528	6.7508425065365696e-12
529	5.63487321039724e-12
530	5.636001214337494e-12
531	5.635146863025575e-12
532	5.63623149887893e-12
533	5.635290628233647e-12
534	5.63573341640089e-12
535	5.635315998564483e-12
536	5.635659040131857e-12
537	5.635756184646512e-12
538	5.635747077348263e-12
539	5.635167246026418e-12
540	5.635453475399954e-12
541	5.635874362683313e-12
542	5.635488169869474e-12
543	5.6355688345111066e-12
544	5.635937029568883e-12
545	5.6350471164257065e-12
546	5.635922284419337e-12
547	5.6355321884776766e-12
548	5.635503565540323e-12
549	5.635664677983154e-12
550	5.6356926503992044e-12
551	5.635558643010685e-12
552	5.635671616877058e-12
553	5.635469955272976e-12
554	5.635584013341521e-12
555	5.635576857607183e-12
556	5.635471906836886e-12
557	5.635576857607183e-12
558	5.635641476056663e-12
559	5.635516792806827e-12
560	5.635556040925471e-12
561	2.6693534535549013e-12
562	9.715185036660023e-12
563	9.714532346952187e-12
564	9.715156847403539e-12
565	9.714978387725948e-12
566	9.714658764925499e-12
567	9.714683701575466e-12
568	9.71533725864504e-12
569	9.714959522608146e-12
570	9.714720347608896e-12
571	9.714801445931398e-12
572	9.715162918935705e-12
573	9.714809685867909e-12
574	9.714921792372544e-12
575	9.715171592553085e-12
576	9.714776292440996e-12
577	9.71504604194151e-12
578	9.715042572494559e-12
579	9.714702783533702e-12
580	9.715276760163816e-12
581	9.714759812567975e-12
582	9.714917672404288e-12
583	9.714931983872965e-12
584	9.71492157553211e-12
585	9.715134946519655e-12
586	9.714844163496994e-12
587	9.714974701438561e-12
588	9.7149259123408e-12
589	9.71495345107598e-12
590	9.714854788678284e-12
591	9.714944560618166e-12
592	9.714954318437719e-12
593	9.714815323719206e-12
594	9.715005275939825e-12
595	1.4776812586048127e-12
596	1.3863145440634606e-11
597	1.3863685156476069e-11
598	1.3863291807927891e-11
599	1.3863365750516055e-11
600	1.3863487181159373e-11
601	1.3863564810034923e-11
602	1.3863436657338135e-11
603	1.386316061946502e-11
604	1.3863516671458465e-11
605	1.3863236079936225e-11
606	1.3863408034400782e-11
607	1.3863653497772632e-11
608	1.3863248006160123e-11
609	1.3863478073861124e-11
610	1.3863355125334764e-11
611	1.3863496288457622e-11
612	1.3863266871277924e-11
613	1.3863653064091763e-11
614	1.3863192495008891e-11
615	1.38634301521251e-11
616	1.3863293108970498e-11
617	1.3863538789182783e-11
618	1.3863429067922928e-11
619	1.3863436006816832e-11
620	1.3863473520212e-11
621	1.38633804956656e-11
622	1.3863619887505285e-11
623	1.38631692930824e-11
624	1.3863505178915436e-11
625	1.3863454438253764e-11
626	1.3863364232633013e-11
627	1.3863442295189432e-11
628	1.3863344933834343e-11
629	1.3863455088775067e-11
630	5.66410286728658e-12
631	1.8054474365189477e-11
632	1.8054832151906397e-11
633	1.8054495615552058e-11
634	1.8054424708729977e-11
635	1.805445528323124e-11
636	1.8054577798076732e-11
637	1.8054963340369268e-11
638	1.8054558065597193e-11
639	1.8054448127496903e-11
640	1.805477533971256e-11
641	1.8054466125252966e-11
642	1.8054549175139378e-11
643	1.805462593665319e-11
644	1.8054714841231334e-11
645	1.8054412999346514e-11
646	1.805475040306259e-11
647	1.8054355102950503e-11
648	1.8054691639304843e-11
649	1.8054646319654033e-11
650	1.8054438152836916e-11
651	1.8054597096875402e-11
652	1.8054719178040024e-11
653	1.8054449211699075e-11
654	1.805467797835747e-11
655	1.8054470028380787e-11
656	1.8054668654218786e-11
657	1.805446048740167e-11
658	1.8054656511154454e-11
659	1.8054527707936363e-11
660	1.8054632008185356e-11
661	1.8054571726544566e-11
662	1.8054570642342394e-11
663	1.805463699551535e-11
664	1.8054575412831952e-11
665	1.8054661715324882e-11
666	9.865904967987227e-12
667	2.2264127390661526e-11
668	2.2263908381822684e-11
669	2.226401333259298e-11
670	2.2264007694741683e-11
671	2.2264215644718366e-11
672	2.2263955653037404e-11
673	2.2264199815366648e-11
674	2.2264081203648978e-11
675	2.2263853954873625e-11
676	2.226410787502242e-11
677	2.2264137582161947e-11
678	2.226405474911597e-11
679	2.2264017452561236e-11
680	2.2264017018880367e-11
681	2.2264051279669017e-11
682	2.2264070144786818e-11
683	2.2264029812466002e-11
684	2.2264027210380788e-11
685	2.2264040437647292e-11
686	2.2264087708862013e-11
687	2.2264091178308965e-11
688	2.2264131076948912e-11
689	2.226393570371743e-11
690	2.2264097900362434e-11
691	2.2264095081436786e-11
692	2.226400032216691e-11
693	2.2264102887692427e-11
694	2.226400227373082e-11
695	2.2264050195466845e-11
696	2.2264090094106792e-11
697	2.2264033715593823e-11
698	2.2264069927946384e-11
699	2.2264050195466845e-11
700	2.2264018319922974e-11
701	2.2264070144786818e-11
702	2.2264080553127674e-11
703	1.4062476877407803e-11
704	2.6470920507642992e-11
705	2.6470820977883558e-11
706	2.647090207620606e-11
707	2.6470871068023927e-11
708	2.6470896438354763e-11
709	2.6470829000979634e-11
710	2.647083463883093e-11
711	2.647094349272905e-11
712	2.6470883644769128e-11
713	2.6470873019587837e-11
714	2.6471019820561992e-11
715	2.6470848950299608e-11
716	2.6470856539714815e-11
717	2.647073337434802e-11
718	2.6470992064986376e-11
719	2.647082401364964e-11
720	2.6471014182710695e-11
721	2.647080861797879e-11
722	2.647085827443829e-11
723	2.647087800691783e-11
724	2.647092722969646e-11
725	2.6470963442049023e-11
726	2.6470846781895263e-11
727	2.647087800691783e-11
728	2.6471033481509365e-11
729	2.6470889282620425e-11
730	2.6470829868341372e-11
731	2.6470930699143413e-11
732	2.6470978404039003e-11
733	2.6470842445086573e-11
734	2.6470914002429957e-11
735	2.6470971248304664e-11
736	2.6470866514374802e-11
737	2.6470895137312156e-11
738	2.647095411791034e-11
739	2.647085003450178e-11
740	2.6470915303472564e-11
741	1.8235796987037256e-11
742	3.065682907185674e-11
743	3.065670135284082e-11
744	3.065680803833459e-11
745	3.0656802834164165e-11
746	3.0656813025664587e-11
747	3.065678245116332e-11
748	3.065685509270888e-11
749	3.0656750792459886e-11
750	3.065680391836634e-11
751	3.065681410986676e-11
752	3.065680738781329e-11
753	3.065678093328028e-11
754	3.0656817362473276e-11
755	3.065682538556935e-11
756	3.065680738781329e-11
757	3.065680456888764e-11
758	3.065673648099121e-11
759	3.065679979839808e-11
760	3.065686441684756e-11
761	3.065670677385168e-11
762	3.0656816278271104e-11
763	3.065683774547412e-11
764	3.065676748917334e-11
765	3.0656817796154145e-11
766	3.065676098396031e-11
767	3.065681410986676e-11
768	3.065676922389682e-11
769	3.065678613745071e-11
770	3.065681519406893e-11
771	3.065676293552422e-11
772	3.065684988853845e-11
773	3.065677074177986e-11
774	3.065676922389682e-11
775	3.065679567842983e-11
776	3.065680630361112e-11
777	3.0656802400483296e-11
778	3.065679329318505e-11
779	3.065666167104131e-11
780	2.237022416265444e-11
781	3.48058849537064e-11
782	3.480584353718341e-11
783	3.480565401864366e-11
784	3.480584136877907e-11
785	3.480569912145404e-11
786	3.480579431440478e-11
787	3.4805695218326216e-11
788	3.4805858716013827e-11
789	3.480570692770968e-11
790	3.4805790194436526e-11
791	3.4805734249604425e-11
792	3.4805773714563504e-11
793	3.4805753114722227e-11
794	3.480576157149917e-11
795	3.4805760704137434e-11
796	3.48059038188242e-11
797	3.4805760270456565e-11
798	3.480575072947745e-11
799	3.480575051263701e-11
800	3.4805770895637855e-11
801	3.4805762222020475e-11
802	3.480575181367962e-11
803	3.4805803638543464e-11
804	3.4805756367328744e-11
805	3.4805758318892654e-11
806	3.480575701785005e-11
807	3.480577740085089e-11
808	3.480575224736049e-11
809	3.480576916091438e-11
810	3.4805754415764834e-11
811	3.480576092097787e-11
812	3.480575224736049e-11
813	3.480576005361613e-11
814	3.480576569146743e-11
815	3.480579171231957e-11
816	3.480576764303134e-11
817	3.4805773714563504e-11
818	3.4805760270456565e-11
819	3.480708733391569e-11
820	2.6451796048682086e-11
821	3.890358239548586e-11
822	3.890358239548586e-11
823	3.890358239548586e-11
824	3.890358239548586e-11
825	3.890358239548586e-11
826	3.890358239548586e-11
827	3.890358239548586e-11
828	3.890358239548586e-11
829	3.890358239548586e-11
830	3.890358239548586e-11
831	3.890358239548586e-11
832	3.890358239548586e-11
833	3.890358239548586e-11
834	3.890358239548586e-11
835	3.890358239548586e-11
836	3.890358239548586e-11
837	3.890358239548586e-11
838	3.890358239548586e-11
839	3.890358239548586e-11
840	3.890358239548586e-11
841	3.890358239548586e-11
842	3.890358239548586e-11
843	3.890358239548586e-11
844	3.890358239548586e-11
845	3.890358239548586e-11
846	3.890358239548586e-11
847	3.890358239548586e-11
848	3.890358239548586e-11
849	3.890358239548586e-11
850	3.890358239548586e-11
851	3.890358239548586e-11
852	3.890358239548586e-11
853	3.890358239548586e-11
854	3.890358239548586e-11
855	3.890358239548586e-11
856	3.890358239548586e-11
857	3.890358239548586e-11
858	3.890358239548586e-11
859	3.890358239548586e-11
860	3.890358239548586e-11
