820	0.002534921331889509
780	0.002533045931278055
741	0.002531042318172301
703	0.002528899769195991
666	0.002526606443321469
630	0.002524149239367394
595	0.002521513631704958
561	0.0025186834802444938
528	0.002515640809947214
496	0.002512365554091996
465	0.0025088352542432008
435	0.0025050247082715033
406	0.002500905555766774
378	0.0024964457876105847
351	0.002491609163220791
325	0.002486354514768441
300	0.0024806349122261924
276	0.0024743966560048626
253	0.0024675780545913755
231	0.002460107932201791
210	0.0024519037948736353
190	0.0024428695609687596
171	0.0024328927314124474
153	0.0024218408326305875
136	0.002409556905920148
120	0.002395853733062294
105	0.0023805063674453386
91	0.002363242364030687
78	0.002343728840543686
66	0.0023215551079711918
55	0.002296209000614363
45	0.0022670440778923533
36	0.0022332333223992027
28	0.002193702388567209
21	0.0021470310540115762
15	0.002091303715336567
10	0.0020238753450503378
6	0.0019409914152295593
3	0.0018371432652712835
1	0.0017039160711234205
821	0.0011777697791405777
822	0.0011777697791405777
823	0.0011777697791405777
824	0.0011777697791405777
825	0.0011777697791405777
826	0.0011777697791405777
827	0.0011777697791405777
828	0.0011777697791405777
829	0.0011777697791405777
830	0.0011777697791405777
831	0.0011777697791405777
832	0.0011777697791405777
833	0.0011777697791405777
834	0.0011777697791405777
835	0.0011777697791405777
836	0.0011777697791405777
837	0.0011777697791405777
838	0.0011777697791405777
839	0.0011777697791405777
840	0.0011777697791405777
841	0.0011777697791405777
842	0.0011777697791405777
843	0.0011777697791405777
844	0.0011777697791405777
845	0.0011777697791405777
846	0.0011777697791405777
847	0.0011777697791405777
848	0.0011777697791405777
849	0.0011777697791405777
850	0.0011777697791405777
851	0.0011777697791405777
852	0.0011777697791405777
853	0.0011777697791405777
854	0.0011777697791405777
855	0.0011777697791405777
856	0.0011777697791405777
857	0.0011777697791405777
858	0.0011777697791405777
859	0.0011777697791405777
860	0.0011777697791405777
819	0.001175950761522167
796	0.0011759507615209835
781	0.0011759507615209646
788	0.0011759507615209384
782	0.0011759507615209232
784	0.001175950761520921
803	0.0011759507615208833
786	0.001175950761520874
815	0.0011759507615208714
790	0.0011759507615208698
807	0.001175950761520857
792	0.0011759507615208534
817	0.0011759507615208534
800	0.0011759507615208505
809	0.0011759507615208488
816	0.0011759507615208473
814	0.0011759507615208453
801	0.0011759507615208419
794	0.0011759507615208412
811	0.0011759507615208406
795	0.0011759507615208404
797	0.00117595076152084
818	0.00117595076152084
813	0.0011759507615208397
805	0.001175950761520838
806	0.0011759507615208367
804	0.001175950761520836
810	0.001175950761520834
793	0.0011759507615208328
808	0.001175950761520832
812	0.001175950761520832
802	0.0011759507615208315
798	0.0011759507615208304
799	0.0011759507615208302
791	0.001175950761520814
789	0.0011759507615207866
785	0.0011759507615207788
787	0.0011759507615207749
783	0.0011759507615207337
760	0.0011739893012517187
748	0.0011739893012517094
772	0.0011739893012517042
763	0.001173989301251692
742	0.0011739893012516834
755	0.0011739893012516797
765	0.0011739893012516721
754	0.0011739893012516717
762	0.0011739893012516706
770	0.0011739893012516695
751	0.0011739893012516684
767	0.0011739893012516684
746	0.0011739893012516673
744	0.0011739893012516624
752	0.0011739893012516617
756	0.0011739893012516617
776	0.0011739893012516606
757	0.0011739893012516589
750	0.0011739893012516582
745	0.0011739893012516571
777	0.0011739893012516567
759	0.0011739893012516541
775	0.00117398930125165
778	0.0011739893012516476
769	0.0011739893012516405
747	0.0011739893012516368
753	0.0011739893012516352
773	0.001173989301251625
768	0.0011739893012516235
774	0.0011739893012516235
764	0.0011739893012516218
771	0.0011739893012516173
766	0.0011739893012516153
749	0.001173989301251605
758	0.0011739893012515908
761	0.001173989301251561
743	0.0011739893012515557
779	0.001173989301251516
728	0.0011718729729036249
714	0.0011718729729036112
720	0.0011718729729036056
718	0.0011718729729035835
732	0.0011718729729035698
735	0.0011718729729035626
725	0.0011718729729035548
738	0.0011718729729035455
711	0.0011718729729035349
731	0.001171872972903522
724	0.0011718729729035186
704	0.001171872972903512
740	0.0011718729729035067
734	0.0011718729729035054
706	0.0011718729729034935
708	0.0011718729729034878
737	0.0011718729729034865
729	0.0011718729729034807
712	0.001171872972903475
723	0.0011718729729034694
727	0.0011718729729034694
713	0.0011718729729034644
707	0.0011718729729034625
736	0.001171872972903458
722	0.0011718729729034497
716	0.001171872972903448
739	0.0011718729729034414
715	0.0011718729729034403
726	0.0011718729729034382
733	0.0011718729729034338
710	0.001171872972903426
730	0.0011718729729034213
709	0.0011718729729034204
719	0.0011718729729034154
705	0.0011718729729034124
721	0.0011718729729034
717	0.0011718729729033248
671	0.0011695880314108796
673	0.0011695880314108638
677	0.0011695880314108015
688	0.001169588031410795
667	0.0011695880314107913
676	0.0011695880314107718
693	0.0011695880314107668
690	0.0011695880314107618
691	0.001169588031410759
687	0.0011695880314107551
696	0.001169588031410754
686	0.0011695880314107517
674	0.0011695880314107451
702	0.0011695880314107445
682	0.001169588031410734
701	0.001169588031410734
698	0.0011695880314107339
678	0.0011695880314107187
681	0.0011695880314107152
695	0.0011695880314107141
699	0.0011695880314107141
685	0.0011695880314107044
697	0.0011695880314106977
683	0.0011695880314106938
684	0.0011695880314106912
700	0.0011695880314106823
679	0.0011695880314106814
680	0.001169588031410681
669	0.0011695880314106773
670	0.0011695880314106716
694	0.0011695880314106662
692	0.0011695880314106643
672	0.0011695880314106196
689	0.0011695880314105996
668	0.0011695880314105723
675	0.001169588031410518
637	0.0011671192421751925
632	0.0011671192421750614
640	0.0011671192421750045
646	0.0011671192421749796
652	0.0011671192421749484
644	0.001167119242174944
648	0.0011671192421749208
654	0.0011671192421749072
656	0.0011671192421748979
665	0.001167119242174891
658	0.0011671192421748857
649	0.0011671192421748755
663	0.0011671192421748662
660	0.0011671192421748612
643	0.0011671192421748551
651	0.0011671192421748263
636	0.001167119242174807
664	0.0011671192421748046
661	0.001167119242174801
662	0.0011671192421747998
638	0.0011671192421747873
642	0.0011671192421747784
659	0.001167119242174757
633	0.0011671192421747248
631	0.0011671192421747036
655	0.0011671192421746992
641	0.0011671192421746953
657	0.0011671192421746897
635	0.0011671192421746845
653	0.0011671192421746784
639	0.0011671192421746773
650	0.0011671192421746674
634	0.001167119242174654
645	0.0011671192421746422
647	0.0011671192421745843
597	0.0011644496850478846
607	0.001164449685047853
613	0.0011644496850478526
622	0.0011644496850478194
601	0.0011644496850477643
617	0.0011644496850477383
604	0.0011644496850477162
624	0.0011644496850477047
611	0.0011644496850476958
600	0.0011644496850476867
609	0.0011644496850476776
620	0.001164449685047673
629	0.0011644496850476546
625	0.001164449685047654
627	0.0011644496850476418
602	0.0011644496850476361
619	0.0011644496850476355
615	0.0011644496850476296
618	0.0011644496850476286
606	0.0011644496850476075
621	0.00116444968504758
599	0.0011644496850475652
626	0.0011644496850475637
610	0.0011644496850475546
628	0.0011644496850475444
616	0.0011644496850474926
598	0.0011644496850474913
612	0.0011644496850474664
608	0.0011644496850474475
605	0.0011644496850474356
614	0.001164449685047392
623	0.0011644496850473688
603	0.0011644496850473601
596	0.001164449685047345
568	0.0011615605274718258
580	0.0011615605274717653
562	0.0011615605274716736
575	0.0011615605274716602
572	0.0011615605274716515
564	0.0011615605274716454
585	0.0011615605274716235
577	0.0011615605274715346
578	0.0011615605274715311
594	0.0011615605274714938
565	0.001161560527471467
587	0.0011615605274714633
569	0.001161560527471448
592	0.001161560527471443
589	0.001161560527471442
591	0.0011615605274714331
583	0.0011615605274714206
588	0.0011615605274714145
574	0.0011615605274714104
584	0.0011615605274714101
582	0.0011615605274714062
590	0.0011615605274713434
586	0.0011615605274713327
593	0.001161560527471304
573	0.0011615605274712983
571	0.00116156052747129
576	0.0011615605274712649
581	0.0011615605274712484
570	0.001161560527471209
579	0.0011615605274711914
567	0.0011615605274711723
566	0.0011615605274711473
563	0.001161560527471021
532	0.0011584307610577238
530	0.0011584307610574935
544	0.0011584307610574293
546	0.0011584307610574146
541	0.0011584307610573667
537	0.0011584307610572485
538	0.0011584307610572394
534	0.0011584307610572257
550	0.001158430761057185
552	0.001158430761057164
549	0.001158430761057157
536	0.0011584307610571513
558	0.0011584307610571338
554	0.0011584307610570763
555	0.0011584307610570692
557	0.0011584307610570692
543	0.0011584307610570611
551	0.001158430761057051
560	0.0011584307610570483
547	0.0011584307610570245
559	0.001158430761057009
548	0.0011584307610569959
542	0.0011584307610569805
556	0.0011584307610569642
553	0.0011584307610569622
540	0.0011584307610569458
535	0.0011584307610568083
533	0.001158430761056783
539	0.0011584307610566595
531	0.0011584307610566392
545	0.0011584307610565394
529	0.0011584307610563655
500	0.001155036894658782
502	0.0011550368946587346
498	0.0011550368946587112
520	0.001155036894658347
506	0.0011550368946583293
510	0.0011550368946583245
504	0.0011550368946582022
517	0.0011550368946581944
523	0.0011550368946581751
512	0.0011550368946581342
508	0.001155036894658052
514	0.0011550368946580357
526	0.0011550368946580314
527	0.0011550368946580275
525	0.001155036894658023
522	0.0011550368946580051
518	0.0011550368946579889
509	0.0011550368946579655
511	0.001155036894657921
513	0.0011550368946579076
516	0.0011550368946578785
524	0.001155036894657873
515	0.0011550368946578616
519	0.0011550368946578412
497	0.0011550368946578215
505	0.0011550368946578046
521	0.001155036894657718
507	0.0011550368946574136
503	0.0011550368946574125
501	0.0011550368946573765
499	0.001155036894657133
470	0.0011513525954525013
469	0.0011513525954524506
489	0.001151352595452386
472	0.0011513525954523782
479	0.001151352595452365
474	0.0011513525954523502
481	0.001151352595452337
484	0.0011513525954522856
483	0.0011513525954522637
467	0.0011513525954522435
487	0.001151352595452243
476	0.0011513525954522123
466	0.0011513525954521533
495	0.0011513525954521529
493	0.0011513525954521208
492	0.0011513525954521076
477	0.0011513525954520965
490	0.0011513525954520664
468	0.001151352595452066
473	0.0011513525954520328
494	0.0011513525954520314
471	0.0011513525954520202
475	0.0011513525954519892
491	0.00115135259545198
478	0.001151352595451942
485	0.0011513525954519196
488	0.001151352595451919
486	0.0011513525954518985
482	0.001151352595451743
480	0.001151352595451695
436	0.0011473482676223467
446	0.0011473482676220075
458	0.0011473482676219958
442	0.001147348267621891
444	0.0011473482676218256
439	0.0011473482676218015
451	0.0011473482676216695
455	0.001147348267621576
463	0.001147348267621555
450	0.0011473482676215383
452	0.0011473482676214975
445	0.001147348267621444
461	0.0011473482676214379
462	0.001147348267621387
449	0.0011473482676213815
460	0.0011473482676213613
459	0.0011473482676213286
453	0.0011473482676213256
438	0.0011473482676212757
440	0.0011473482676212757
456	0.0011473482676212716
464	0.0011473482676212347
448	0.0011473482676212163
437	0.0011473482676211848
457	0.0011473482676211816
441	0.001147348267621075
454	0.0011473482676210536
447	0.0011473482676209949
443	0.0011473482676208078
410	0.0011429905557940431
417	0.001142990555794017
427	0.001142990555794007
408	0.0011429905557938894
425	0.0011429905557938794
416	0.0011429905557938714
433	0.0011429905557938356
420	0.001142990555793826
415	0.0011429905557937949
423	0.0011429905557937706
431	0.0011429905557937532
422	0.001142990555793724
411	0.0011429905557937096
413	0.0011429905557936782
430	0.001142990555793669
429	0.0011429905557936641
428	0.0011429905557936357
419	0.0011429905557936101
407	0.0011429905557936006
424	0.0011429905557935767
432	0.0011429905557935446
434	0.0011429905557935316
412	0.0011429905557934666
421	0.001142990555793452
414	0.0011429905557933868
426	0.0011429905557932747
409	0.0011429905557931183
418	0.0011429905557930828
385	0.0011382417573107212
382	0.0011382417573105345
388	0.0011382417573105046
394	0.0011382417573103129
383	0.0011382417573102333
401	0.001138241757310039
391	0.0011382417573100264
405	0.0011382417573100204
402	0.0011382417573099926
397	0.0011382417573099904
403	0.0011382417573099904
396	0.001138241757309989
399	0.0011382417573099631
404	0.001138241757309953
398	0.0011382417573099352
392	0.001138241757309931
400	0.0011382417573098714
387	0.0011382417573098545
395	0.0011382417573098367
393	0.00113824175730982
390	0.0011382417573098176
380	0.0011382417573098142
389	0.0011382417573097298
381	0.0011382417573096624
379	0.0011382417573093777
384	0.0011382417573091797
386	0.001138241757309172
352	0.0011330591234593637
358	0.00113305912345856
361	0.0011330591234584909
365	0.001133059123458388
371	0.001133059123458299
357	0.001133059123458187
375	0.0011330591234581513
353	0.001133059123458106
363	0.0011330591234581038
377	0.0011330591234580943
373	0.0011330591234580847
367	0.0011330591234580798
366	0.0011330591234580034
376	0.0011330591234579915
354	0.0011330591234579718
368	0.0011330591234579258
369	0.0011330591234579026
360	0.0011330591234578787
374	0.0011330591234577643
372	0.0011330591234577486
370	0.0011330591234576847
355	0.0011330591234576433
364	0.00113305912345762
356	0.0011330591234576081
359	0.0011330591234575557
362	0.0011330591234572857
329	0.001127394024731531
335	0.0011273940247310526
339	0.0011273940247310496
337	0.001127394024730905
332	0.0011273940247309015
330	0.001127394024730853
341	0.0011273940247308427
345	0.001127394024730777
326	0.0011273940247307718
333	0.0011273940247307377
349	0.0011273940247307095
338	0.0011273940247306861
334	0.0011273940247306683
344	0.0011273940247306412
343	0.0011273940247306276
348	0.0011273940247305374
346	0.0011273940247305224
347	0.0011273940247304996
342	0.0011273940247304801
350	0.0011273940247303951
340	0.0011273940247303292
327	0.001127394024730277
331	0.001127394024730231
336	0.0011273940247301319
328	0.0011273940247297355
303	0.0011211909486077796
311	0.0011211909486076497
306	0.0011211909486076358
302	0.0011211909486074922
318	0.0011211909486074888
321	0.0011211909486073572
312	0.0011211909486072897
314	0.0011211909486072643
310	0.00112119094860726
304	0.0011211909486070252
315	0.0011211909486070132
307	0.0011211909486070052
322	0.0011211909486069519
324	0.0011211909486069306
323	0.0011211909486069141
319	0.0011211909486069133
316	0.0011211909486068096
320	0.0011211909486066808
308	0.0011211909486065757
317	0.0011211909486065399
309	0.001121190948606536
313	0.0011211909486063844
305	0.0011211909486061207
301	0.001121190948605222
282	0.0011143862897888836
284	0.0011143862897884528
279	0.0011143862897881138
292	0.00111438628978807
278	0.0011143862897880267
294	0.001114386289787935
289	0.0011143862897879343
299	0.0011143862897879063
280	0.001114386289787845
296	0.00111438628978783
286	0.0011143862897878035
295	0.0011143862897877931
298	0.0011143862897877652
293	0.001114386289787652
290	0.0011143862897876433
297	0.0011143862897875672
287	0.0011143862897875368
291	0.0011143862897874943
288	0.0011143862897874128
285	0.0011143862897873866
277	0.001114386289786892
281	0.001114386289786883
283	0.0011143862897864292
254	0.001106906881544863
261	0.0011069068815442928
256	0.001106906881544264
259	0.0011069068815438563
264	0.001106906881543835
267	0.001106906881543812
270	0.0011069068815437778
272	0.001106906881543588
274	0.0011069068815435775
273	0.0011069068815435248
275	0.0011069068815435185
268	0.0011069068815435094
260	0.0011069068815434916
258	0.0011069068815433988
271	0.0011069068815432418
257	0.001106906881543221
266	0.0011069068815432086
265	0.0011069068815432017
263	0.0011069068815431138
262	0.0011069068815430616
269	0.0011069068815430171
255	0.0011069068815413392
245	0.0010986682018764885
241	0.0010986682018764675
234	0.0010986682018764352
236	0.0010986682018763949
247	0.001098668201876375
239	0.0010986682018763547
243	0.0010986682018762884
232	0.001098668201876279
249	0.0010986682018762387
246	0.0010986682018761765
250	0.001098668201876137
251	0.0010986682018761208
242	0.0010986682018760848
252	0.0010986682018760243
238	0.0010986682018760013
237	0.0010986682018758913
235	0.0010986682018757656
233	0.0010986682018755665
248	0.0010986682018755106
240	0.0010986682018753724
244	0.0010986682018751881
213	0.0010895721681769882
214	0.0010895721681766803
220	0.0010895721681766525
221	0.0010895721681765291
225	0.0010895721681764407
228	0.0010895721681764379
215	0.0010895721681763893
230	0.0010895721681763281
218	0.001089572168176264
211	0.0010895721681762327
226	0.0010895721681761668
227	0.0010895721681761135
212	0.0010895721681761035
217	0.0010895721681760694
223	0.0010895721681759437
229	0.0010895721681758019
222	0.0010895721681756295
224	0.0010895721681755987
219	0.0010895721681754378
216	0.0010895721681750522
191	0.0010795044069685932
195	0.0010795044069685919
200	0.001079504406968172
198	0.0010795044069681053
203	0.001079504406967905
205	0.001079504406967743
197	0.0010795044069676516
193	0.0010795044069676133
201	0.0010795044069676029
207	0.001079504406967582
202	0.001079504406967507
196	0.0010795044069675022
209	0.0010795044069674925
206	0.0010795044069674584
194	0.001079504406967409
208	0.0010795044069673832
204	0.001079504406967247
192	0.0010795044069667975
199	0.0010795044069667815
174	0.001068330848346921
172	0.001068330848346641
179	0.0010683308483461274
182	0.0010683308483461062
184	0.0010683308483460743
177	0.001068330848345964
181	0.0010683308483459182
186	0.001068330848345847
189	0.0010683308483456942
180	0.001068330848345636
188	0.0010683308483456233
187	0.0010683308483456185
173	0.0010683308483453483
183	0.0010683308483453342
176	0.0010683308483452028
185	0.0010683308483450677
178	0.001068330848344954
175	0.0010683308483448142
157	0.0010558934435899246
164	0.0010558934435897132
165	0.0010558934435893866
162	0.001055893443589305
168	0.0010558934435892294
161	0.0010558934435891914
154	0.001055893443589184
167	0.0010558934435891019
160	0.0010558934435890089
169	0.0010558934435889527
166	0.0010558934435888523
155	0.001055893443588804
170	0.0010558934435887263
158	0.0010558934435887187
159	0.0010558934435886298
156	0.001055893443587994
163	0.0010558934435879522
145	0.0010420047329434937
140	0.0010420047329432658
144	0.0010420047329431866
150	0.0010420047329431003
148	0.0010420047329430988
139	0.0010420047329428822
152	0.0010420047329427569
142	0.0010420047329427235
151	0.0010420047329426408
149	0.001042004732942638
137	0.0010420047329426194
141	0.0010420047329426079
146	0.0010420047329425185
143	0.001042004732942276
147	0.0010420047329422703
138	0.0010420047329419006
121	0.0010264408892722771
129	0.0010264408892718126
123	0.0010264408892715514
124	0.001026440889271445
135	0.0010264408892714356
134	0.001026440889271423
131	0.0010264408892712794
132	0.001026440889271024
126	0.001026440889270968
133	0.0010264408892708661
130	0.0010264408892708419
127	0.0010264408892708143
128	0.0010264408892707588
122	0.0010264408892706272
125	0.0010264408892704125
107	0.0010089327177731262
116	0.0010089327177731145
111	0.001008932717773045
109	0.0010089327177729998
113	0.001008932717772945
106	0.0010089327177728886
114	0.001008932717772793
118	0.001008932717772787
119	0.0010089327177726908
115	0.0010089327177724614
110	0.0010089327177723794
112	0.0010089327177722665
117	0.0010089327177720893
108	0.0010089327177715457
96	0.0009891538795797853
98	0.0009891538795796576
93	0.000989153879579355
92	0.0009891538795790958
100	0.0009891538795790715
104	0.0009891538795790559
103	0.0009891538795790524
99	0.0009891538795789858
102	0.0009891538795789394
101	0.0009891538795789253
94	0.0009891538795789216
95	0.0009891538795788594
97	0.0009891538795782238
80	0.0009667052920474819
82	0.0009667052920472048
87	0.0009667052920468068
83	0.0009667052920467187
90	0.0009667052920465294
85	0.0009667052920463201
89	0.0009667052920462978
84	0.000966705292046218
86	0.0009667052920461751
88	0.0009667052920461684
79	0.0009667052920457293
81	0.0009667052920447475
76	0.0009410941825417974
69	0.0009410941825417712
71	0.0009410941825413618
74	0.0009410941825413028
67	0.0009410941825412727
68	0.0009410941825412238
73	0.0009410941825411282
72	0.0009410941825410828
75	0.000941094182541033
77	0.0009410941825408371
70	0.0009410941825405555
61	0.0009117055387264538
58	0.0009117055387263391
63	0.000911705538726286
59	0.0009117055387262306
64	0.000911705538726085
56	0.000911705538726045
57	0.0009117055387260029
60	0.0009117055387258206
65	0.0009117055387257418
62	0.0009117055387253205
47	0.0008777625417164812
48	0.0008777625417157684
49	0.0008777625417157567
54	0.0008777625417157275
52	0.000877762541715685
51	0.0008777625417156717
50	0.0008777625417156655
53	0.0008777625417155928
46	0.0008777625417151404
37	0.0008382706999605938
42	0.0008382706999604986
44	0.0008382706999603398
38	0.0008382706999602822
40	0.0008382706999602672
41	0.0008382706999599396
39	0.0008382706999597402
43	0.0008382706999596394
29	0.0007919372987376649
30	0.00079193729873748
34	0.0007919372987373494
33	0.0007919372987372555
32	0.0007919372987371646
35	0.0007919372987371455
31	0.0007919372987367958
23	0.0007370524651592325
24	0.0007370524651591147
25	0.0007370524651589845
26	0.0007370524651589496
27	0.0007370524651589107
22	0.000737052465158656
16	0.0006713087189411767
19	0.0006713087189411072
18	0.000671308718940931
17	0.0006713087189408601
20	0.0006713087189407004
12	0.0005915184630825831
14	0.0005915184630821843
13	0.0005915184630819196
11	0.0005915184630817027
9	0.0004931551702362501
7	0.000493155170235973
8	0.0004931551702358955
4	0.00036957516717618357
5	0.0003695751671761769
2	0.0002106268211625354
