210	0.009020308613086553
190	0.00899258081605882
171	0.00896125521282282
153	0.008925754638188888
136	0.008885386444140355
120	0.008839314244468972
105	0.008786521366905161
91	0.008725763139177584
78	0.008655503974366723
66	0.008573833518344218
55	0.008478353588722376
45	0.008366023805715477
36	0.008232947929109493
28	0.008074073699991262
21	0.00788276426910036
15	0.007650175280752419
10	0.0073643315737072475
6	0.007008728745639374
3	0.0065601638028488125
1	0.005985279477505373
211	0.00440919679384873
212	0.00440919679384873
213	0.00440919679384873
214	0.00440919679384873
215	0.00440919679384873
216	0.00440919679384873
217	0.00440919679384873
218	0.00440919679384873
219	0.00440919679384873
220	0.00440919679384873
221	0.00440919679384873
222	0.00440919679384873
223	0.00440919679384873
224	0.00440919679384873
225	0.00440919679384873
226	0.00440919679384873
227	0.00440919679384873
228	0.00440919679384873
229	0.00440919679384873
230	0.00440919679384873
209	0.004381932755312367
194	0.004381932755311493
198	0.004381932755311463
201	0.004381932755311448
197	0.004381932755311441
193	0.004381932755311425
202	0.004381932755311418
205	0.0043819327553113905
191	0.0043819327553113714
206	0.004381932755311368
204	0.0043819327553113584
208	0.004381932755311347
207	0.004381932755311345
199	0.004381932755311313
203	0.004381932755311313
195	0.004381932755311298
196	0.004381932755311298
200	0.004381932755311298
192	0.004381932755311268
175	0.00435062832769821
177	0.004350628327698175
181	0.004350628327698166
172	0.004350628327698158
185	0.004350628327698128
180	0.0043506283276981165
188	0.004350628327698109
184	0.004350628327698095
189	0.004350628327698092
173	0.004350628327698087
174	0.004350628327698071
187	0.00435062832769807
186	0.004350628327698058
179	0.004350628327698057
183	0.00435062832769805
176	0.004350628327698029
178	0.004350628327698016
182	0.004350628327698012
154	0.004314604487781623
162	0.004314604487781511
159	0.004314604487781491
157	0.004314604487781405
161	0.00431460448778139
166	0.004314604487781378
156	0.004314604487781357
164	0.004314604487781357
168	0.004314604487781345
169	0.0043146044877813445
165	0.004314604487781323
170	0.004314604487781315
167	0.004314604487781295
158	0.004314604487781276
163	0.004314604487781214
155	0.004314604487781198
160	0.004314604487781174
140	0.004273043050063011
143	0.00427304305006296
145	0.004273043050062911
139	0.00427304305006288
148	0.0042730430500628625
152	0.004273043050062859
138	0.004273043050062834
151	0.004273043050062829
147	0.004273043050062827
150	0.004273043050062819
149	0.004273043050062796
146	0.004273043050062793
142	0.004273043050062719
144	0.004273043050062621
137	0.004273043050062504
141	0.004273043050062487
128	0.004224952108815635
121	0.004224952108815623
124	0.004224952108815566
132	0.004224952108815551
125	0.004224952108815534
133	0.0042249521088155145
135	0.004224952108815514
122	0.004224952108815492
131	0.0042249521088154746
134	0.004224952108815421
127	0.004224952108815412
130	0.004224952108815395
129	0.004224952108815388
123	0.004224952108815373
126	0.0042249521088153635
106	0.004169121233613526
119	0.004169121233613405
107	0.004169121233613348
112	0.004169121233613348
117	0.004169121233613299
109	0.004169121233613294
110	0.0041691212336132264
111	0.004169121233613226
115	0.004169121233613202
116	0.004169121233613158
113	0.004169121233613149
114	0.00416912123361313
118	0.004169121233613088
108	0.0041691212336128014
93	0.004104062840558426
94	0.004104062840558362
96	0.00410406284055835
100	0.004104062840558317
101	0.004104062840558245
103	0.004104062840558189
104	0.0041040628405581755
98	0.004104062840558151
99	0.004104062840558104
97	0.004104062840558102
95	0.004104062840558045
102	0.004104062840558009
92	0.004104062840557857
82	0.0040279347071302445
87	0.004027934707129985
84	0.004027934707129984
89	0.004027934707129742
90	0.004027934707129685
86	0.004027934707129644
80	0.0040279347071296425
88	0.004027934707129527
79	0.004027934707129482
85	0.004027934707129402
83	0.00402793470712933
81	0.004027934707129209
70	0.003938436462678417
69	0.003938436462678397
67	0.003938436462678392
75	0.00393843646267825
72	0.003938436462678246
71	0.003938436462678242
77	0.003938436462678216
76	0.003938436462678111
73	0.003938436462678044
74	0.003938436462677976
68	0.003938436462677435
61	0.003832669703400866
63	0.0038326697034008297
59	0.0038326697034007256
65	0.003832669703400614
58	0.003832669703400574
56	0.003832669703400543
64	0.0038326697034005014
60	0.003832669703400419
57	0.003832669703400395
62	0.0038326697034003427
49	0.003706946561699519
47	0.0037069465616994383
53	0.0037069465616994188
50	0.003706946561699345
46	0.00370694656169907
54	0.0037069465616990575
51	0.003706946561699041
52	0.0037069465616989096
48	0.003706946561698772
37	0.00355652413975348
43	0.0035565241397533228
42	0.00355652413975326
40	0.0035565241397531797
44	0.0035565241397531346
39	0.0035565241397530886
41	0.003556524139753045
38	0.003556524139753027
29	0.0033752305807464925
32	0.0033752305807464482
30	0.0033752305807464187
35	0.0033752305807461607
34	0.0033752305807460046
33	0.003375230580745893
31	0.0033752305807454356
24	0.0031549299366618656
22	0.0031549299366617975
26	0.003154929936661527
27	0.003154929936661308
25	0.003154929936661188
23	0.0031549299366609783
16	0.0028847425653236824
19	0.0028847425653235714
20	0.0028847425653232887
18	0.0028847425653232028
17	0.002884742565323047
13	0.002549886877079573
14	0.002549886877079558
11	0.002549886877079478
12	0.002549886877079408
7	0.0021299208588200897
8	0.0021299208588200272
9	0.002129920858819827
4	0.0015960075698828167
5	0.001596007569882794
2	0.0009065482908374565
