1	0.0010989010989011175
2	0.0010989010989011175
3	0.0010989010989011175
4	0.0010989010989011175
5	0.0010989010989011175
6	0.0010989010989011175
7	0.0010989010989011175
8	0.0010989010989011175
9	0.0010989010989011175
10	0.0010989010989011175
11	0.0010989010989011175
12	0.0010989010989011175
13	0.0010989010989011175
14	0.0010989010989011175
15	0.0010989010989011175
16	0.0010989010989011175
17	0.0010989010989011175
18	0.0010989010989011175
19	0.0010989010989011175
20	0.0010989010989011175
21	0.0010989010989011175
22	0.0010989010989011175
23	0.0010989010989011175
24	0.0010989010989011175
25	0.0010989010989011175
26	0.0010989010989011175
27	0.0010989010989011175
28	0.0010989010989011175
29	0.0010989010989011175
30	0.0010989010989011175
31	0.0010989010989011175
32	0.0010989010989011175
33	0.0010989010989011175
34	0.0010989010989011175
35	0.0010989010989011175
36	0.0010989010989011175
37	0.0010989010989011175
38	0.0010989010989011175
39	0.0010989010989011175
40	0.0010989010989011175
41	0.0010989010989011175
42	0.0010989010989011175
43	0.0010989010989011175
44	0.0010989010989011175
45	0.0010989010989011175
46	0.0010989010989011175
47	0.0010989010989011175
48	0.0010989010989011175
49	0.0010989010989011175
50	0.0010989010989011175
51	0.0010989010989011175
52	0.0010989010989011175
53	0.0010989010989011175
54	0.0010989010989011175
55	0.0010989010989011175
56	0.0010989010989011175
57	0.0010989010989011175
58	0.0010989010989011175
59	0.0010989010989011175
60	0.0010989010989011175
61	0.0010989010989011175
62	0.0010989010989011175
63	0.0010989010989011175
64	0.0010989010989011175
65	0.0010989010989011175
66	0.0010989010989011175
67	0.0010989010989011175
68	0.0010989010989011175
69	0.0010989010989011175
70	0.0010989010989011175
71	0.0010989010989011175
72	0.0010989010989011175
73	0.0010989010989011175
74	0.0010989010989011175
75	0.0010989010989011175
76	0.0010989010989011175
77	0.0010989010989011175
78	0.0010989010989011175
79	0.0010989010989011175
80	0.0010989010989011175
81	0.0010989010989011175
82	0.0010989010989011175
83	0.0010989010989011175
84	0.0010989010989011175
85	0.0010989010989011175
86	0.0010989010989011175
87	0.0010989010989011175
88	0.0010989010989011175
89	0.0010989010989011175
90	0.0010989010989011175
91	0.0010989010989011175
92	0.0010989010989011175
93	0.0010989010989011175
94	0.0010989010989011175
95	0.0010989010989011175
96	0.0010989010989011175
97	0.0010989010989011175
98	0.0010989010989011175
99	0.0010989010989011175
100	0.0010989010989011175
101	0.0010989010989011175
102	0.0010989010989011175
103	0.0010989010989011175
104	0.0010989010989011175
105	0.0010989010989011175
106	0.0010989010989011175
107	0.0010989010989011175
108	0.0010989010989011175
109	0.0010989010989011175
110	0.0010989010989011175
111	0.0010989010989011175
112	0.0010989010989011175
113	0.0010989010989011175
114	0.0010989010989011175
115	0.0010989010989011175
116	0.0010989010989011175
117	0.0010989010989011175
118	0.0010989010989011175
119	0.0010989010989011175
120	0.0010989010989011175
121	0.0010989010989011175
122	0.0010989010989011175
123	0.0010989010989011175
124	0.0010989010989011175
125	0.0010989010989011175
126	0.0010989010989011175
127	0.0010989010989011175
128	0.0010989010989011175
129	0.0010989010989011175
130	0.0010989010989011175
131	0.0010989010989011175
132	0.0010989010989011175
133	0.0010989010989011175
134	0.0010989010989011175
135	0.0010989010989011175
136	0.0010989010989011175
137	0.0010989010989011175
138	0.0010989010989011175
139	0.0010989010989011175
140	0.0010989010989011175
141	0.0010989010989011175
142	0.0010989010989011175
143	0.0010989010989011175
144	0.0010989010989011175
145	0.0010989010989011175
146	0.0010989010989011175
147	0.0010989010989011175
148	0.0010989010989011175
149	0.0010989010989011175
150	0.0010989010989011175
151	0.0010989010989011175
152	0.0010989010989011175
153	0.0010989010989011175
154	0.0010989010989011175
155	0.0010989010989011175
156	0.0010989010989011175
157	0.0010989010989011175
158	0.0010989010989011175
159	0.0010989010989011175
160	0.0010989010989011175
161	0.0010989010989011175
162	0.0010989010989011175
163	0.0010989010989011175
164	0.0010989010989011175
165	0.0010989010989011175
166	0.0010989010989011175
167	0.0010989010989011175
168	0.0010989010989011175
169	0.0010989010989011175
170	0.0010989010989011175
171	0.0010989010989011175
172	0.0010989010989011175
173	0.0010989010989011175
174	0.0010989010989011175
175	0.0010989010989011175
176	0.0010989010989011175
177	0.0010989010989011175
178	0.0010989010989011175
179	0.0010989010989011175
180	0.0010989010989011175
181	0.0010989010989011175
182	0.0010989010989011175
183	0.0010989010989011175
184	0.0010989010989011175
185	0.0010989010989011175
186	0.0010989010989011175
187	0.0010989010989011175
188	0.0010989010989011175
189	0.0010989010989011175
190	0.0010989010989011175
191	0.0010989010989011175
192	0.0010989010989011175
193	0.0010989010989011175
194	0.0010989010989011175
195	0.0010989010989011175
196	0.0010989010989011175
197	0.0010989010989011175
198	0.0010989010989011175
199	0.0010989010989011175
200	0.0010989010989011175
201	0.0010989010989011175
202	0.0010989010989011175
203	0.0010989010989011175
204	0.0010989010989011175
205	0.0010989010989011175
206	0.0010989010989011175
207	0.0010989010989011175
208	0.0010989010989011175
209	0.0010989010989011175
210	0.0010989010989011175
211	0.0010989010989011175
212	0.0010989010989011175
213	0.0010989010989011175
214	0.0010989010989011175
215	0.0010989010989011175
216	0.0010989010989011175
217	0.0010989010989011175
218	0.0010989010989011175
219	0.0010989010989011175
220	0.0010989010989011175
221	0.0010989010989011175
222	0.0010989010989011175
223	0.0010989010989011175
224	0.0010989010989011175
225	0.0010989010989011175
226	0.0010989010989011175
227	0.0010989010989011175
228	0.0010989010989011175
229	0.0010989010989011175
230	0.0010989010989011175
231	0.0010989010989011175
232	0.0010989010989011175
233	0.0010989010989011175
234	0.0010989010989011175
235	0.0010989010989011175
236	0.0010989010989011175
237	0.0010989010989011175
238	0.0010989010989011175
239	0.0010989010989011175
240	0.0010989010989011175
241	0.0010989010989011175
242	0.0010989010989011175
243	0.0010989010989011175
244	0.0010989010989011175
245	0.0010989010989011175
246	0.0010989010989011175
247	0.0010989010989011175
248	0.0010989010989011175
249	0.0010989010989011175
250	0.0010989010989011175
251	0.0010989010989011175
252	0.0010989010989011175
253	0.0010989010989011175
254	0.0010989010989011175
255	0.0010989010989011175
256	0.0010989010989011175
257	0.0010989010989011175
258	0.0010989010989011175
259	0.0010989010989011175
260	0.0010989010989011175
261	0.0010989010989011175
262	0.0010989010989011175
263	0.0010989010989011175
264	0.0010989010989011175
265	0.0010989010989011175
266	0.0010989010989011175
267	0.0010989010989011175
268	0.0010989010989011175
269	0.0010989010989011175
270	0.0010989010989011175
271	0.0010989010989011175
272	0.0010989010989011175
273	0.0010989010989011175
274	0.0010989010989011175
275	0.0010989010989011175
276	0.0010989010989011175
277	0.0010989010989011175
278	0.0010989010989011175
279	0.0010989010989011175
280	0.0010989010989011175
281	0.0010989010989011175
282	0.0010989010989011175
283	0.0010989010989011175
284	0.0010989010989011175
285	0.0010989010989011175
286	0.0010989010989011175
287	0.0010989010989011175
288	0.0010989010989011175
289	0.0010989010989011175
290	0.0010989010989011175
291	0.0010989010989011175
292	0.0010989010989011175
293	0.0010989010989011175
294	0.0010989010989011175
295	0.0010989010989011175
296	0.0010989010989011175
297	0.0010989010989011175
298	0.0010989010989011175
299	0.0010989010989011175
300	0.0010989010989011175
301	0.0010989010989011175
302	0.0010989010989011175
303	0.0010989010989011175
304	0.0010989010989011175
305	0.0010989010989011175
306	0.0010989010989011175
307	0.0010989010989011175
308	0.0010989010989011175
309	0.0010989010989011175
310	0.0010989010989011175
311	0.0010989010989011175
312	0.0010989010989011175
313	0.0010989010989011175
314	0.0010989010989011175
315	0.0010989010989011175
316	0.0010989010989011175
317	0.0010989010989011175
318	0.0010989010989011175
319	0.0010989010989011175
320	0.0010989010989011175
321	0.0010989010989011175
322	0.0010989010989011175
323	0.0010989010989011175
324	0.0010989010989011175
325	0.0010989010989011175
326	0.0010989010989011175
327	0.0010989010989011175
328	0.0010989010989011175
329	0.0010989010989011175
330	0.0010989010989011175
331	0.0010989010989011175
332	0.0010989010989011175
333	0.0010989010989011175
334	0.0010989010989011175
335	0.0010989010989011175
336	0.0010989010989011175
337	0.0010989010989011175
338	0.0010989010989011175
339	0.0010989010989011175
340	0.0010989010989011175
341	0.0010989010989011175
342	0.0010989010989011175
343	0.0010989010989011175
344	0.0010989010989011175
345	0.0010989010989011175
346	0.0010989010989011175
347	0.0010989010989011175
348	0.0010989010989011175
349	0.0010989010989011175
350	0.0010989010989011175
351	0.0010989010989011175
352	0.0010989010989011175
353	0.0010989010989011175
354	0.0010989010989011175
355	0.0010989010989011175
356	0.0010989010989011175
357	0.0010989010989011175
358	0.0010989010989011175
359	0.0010989010989011175
360	0.0010989010989011175
361	0.0010989010989011175
362	0.0010989010989011175
363	0.0010989010989011175
364	0.0010989010989011175
365	0.0010989010989011175
366	0.0010989010989011175
367	0.0010989010989011175
368	0.0010989010989011175
369	0.0010989010989011175
370	0.0010989010989011175
371	0.0010989010989011175
372	0.0010989010989011175
373	0.0010989010989011175
374	0.0010989010989011175
375	0.0010989010989011175
376	0.0010989010989011175
377	0.0010989010989011175
378	0.0010989010989011175
379	0.0010989010989011175
380	0.0010989010989011175
381	0.0010989010989011175
382	0.0010989010989011175
383	0.0010989010989011175
384	0.0010989010989011175
385	0.0010989010989011175
386	0.0010989010989011175
387	0.0010989010989011175
388	0.0010989010989011175
389	0.0010989010989011175
390	0.0010989010989011175
391	0.0010989010989011175
392	0.0010989010989011175
393	0.0010989010989011175
394	0.0010989010989011175
395	0.0010989010989011175
396	0.0010989010989011175
397	0.0010989010989011175
398	0.0010989010989011175
399	0.0010989010989011175
400	0.0010989010989011175
401	0.0010989010989011175
402	0.0010989010989011175
403	0.0010989010989011175
404	0.0010989010989011175
405	0.0010989010989011175
406	0.0010989010989011175
407	0.0010989010989011175
408	0.0010989010989011175
409	0.0010989010989011175
410	0.0010989010989011175
411	0.0010989010989011175
412	0.0010989010989011175
413	0.0010989010989011175
414	0.0010989010989011175
415	0.0010989010989011175
416	0.0010989010989011175
417	0.0010989010989011175
418	0.0010989010989011175
419	0.0010989010989011175
420	0.0010989010989011175
421	0.0010989010989011175
422	0.0010989010989011175
423	0.0010989010989011175
424	0.0010989010989011175
425	0.0010989010989011175
426	0.0010989010989011175
427	0.0010989010989011175
428	0.0010989010989011175
429	0.0010989010989011175
430	0.0010989010989011175
431	0.0010989010989011175
432	0.0010989010989011175
433	0.0010989010989011175
434	0.0010989010989011175
435	0.0010989010989011175
436	0.0010989010989011175
437	0.0010989010989011175
438	0.0010989010989011175
439	0.0010989010989011175
440	0.0010989010989011175
441	0.0010989010989011175
442	0.0010989010989011175
443	0.0010989010989011175
444	0.0010989010989011175
445	0.0010989010989011175
446	0.0010989010989011175
447	0.0010989010989011175
448	0.0010989010989011175
449	0.0010989010989011175
450	0.0010989010989011175
451	0.0010989010989011175
452	0.0010989010989011175
453	0.0010989010989011175
454	0.0010989010989011175
455	0.0010989010989011175
456	0.0010989010989011175
457	0.0010989010989011175
458	0.0010989010989011175
459	0.0010989010989011175
460	0.0010989010989011175
461	0.0010989010989011175
462	0.0010989010989011175
463	0.0010989010989011175
464	0.0010989010989011175
465	0.0010989010989011175
466	0.0010989010989011175
467	0.0010989010989011175
468	0.0010989010989011175
469	0.0010989010989011175
470	0.0010989010989011175
471	0.0010989010989011175
472	0.0010989010989011175
473	0.0010989010989011175
474	0.0010989010989011175
475	0.0010989010989011175
476	0.0010989010989011175
477	0.0010989010989011175
478	0.0010989010989011175
479	0.0010989010989011175
480	0.0010989010989011175
481	0.0010989010989011175
482	0.0010989010989011175
483	0.0010989010989011175
484	0.0010989010989011175
485	0.0010989010989011175
486	0.0010989010989011175
487	0.0010989010989011175
488	0.0010989010989011175
489	0.0010989010989011175
490	0.0010989010989011175
491	0.0010989010989011175
492	0.0010989010989011175
493	0.0010989010989011175
494	0.0010989010989011175
495	0.0010989010989011175
496	0.0010989010989011175
497	0.0010989010989011175
498	0.0010989010989011175
499	0.0010989010989011175
500	0.0010989010989011175
501	0.0010989010989011175
502	0.0010989010989011175
503	0.0010989010989011175
504	0.0010989010989011175
505	0.0010989010989011175
506	0.0010989010989011175
507	0.0010989010989011175
508	0.0010989010989011175
509	0.0010989010989011175
510	0.0010989010989011175
511	0.0010989010989011175
512	0.0010989010989011175
513	0.0010989010989011175
514	0.0010989010989011175
515	0.0010989010989011175
516	0.0010989010989011175
517	0.0010989010989011175
518	0.0010989010989011175
519	0.0010989010989011175
520	0.0010989010989011175
521	0.0010989010989011175
522	0.0010989010989011175
523	0.0010989010989011175
524	0.0010989010989011175
525	0.0010989010989011175
526	0.0010989010989011175
527	0.0010989010989011175
528	0.0010989010989011175
529	0.0010989010989011175
530	0.0010989010989011175
531	0.0010989010989011175
532	0.0010989010989011175
533	0.0010989010989011175
534	0.0010989010989011175
535	0.0010989010989011175
536	0.0010989010989011175
537	0.0010989010989011175
538	0.0010989010989011175
539	0.0010989010989011175
540	0.0010989010989011175
541	0.0010989010989011175
542	0.0010989010989011175
543	0.0010989010989011175
544	0.0010989010989011175
545	0.0010989010989011175
546	0.0010989010989011175
547	0.0010989010989011175
548	0.0010989010989011175
549	0.0010989010989011175
550	0.0010989010989011175
551	0.0010989010989011175
552	0.0010989010989011175
553	0.0010989010989011175
554	0.0010989010989011175
555	0.0010989010989011175
556	0.0010989010989011175
557	0.0010989010989011175
558	0.0010989010989011175
559	0.0010989010989011175
560	0.0010989010989011175
561	0.0010989010989011175
562	0.0010989010989011175
563	0.0010989010989011175
564	0.0010989010989011175
565	0.0010989010989011175
566	0.0010989010989011175
567	0.0010989010989011175
568	0.0010989010989011175
569	0.0010989010989011175
570	0.0010989010989011175
571	0.0010989010989011175
572	0.0010989010989011175
573	0.0010989010989011175
574	0.0010989010989011175
575	0.0010989010989011175
576	0.0010989010989011175
577	0.0010989010989011175
578	0.0010989010989011175
579	0.0010989010989011175
580	0.0010989010989011175
581	0.0010989010989011175
582	0.0010989010989011175
583	0.0010989010989011175
584	0.0010989010989011175
585	0.0010989010989011175
586	0.0010989010989011175
587	0.0010989010989011175
588	0.0010989010989011175
589	0.0010989010989011175
590	0.0010989010989011175
591	0.0010989010989011175
592	0.0010989010989011175
593	0.0010989010989011175
594	0.0010989010989011175
595	0.0010989010989011175
596	0.0010989010989011175
597	0.0010989010989011175
598	0.0010989010989011175
599	0.0010989010989011175
600	0.0010989010989011175
601	0.0010989010989011175
602	0.0010989010989011175
603	0.0010989010989011175
604	0.0010989010989011175
605	0.0010989010989011175
606	0.0010989010989011175
607	0.0010989010989011175
608	0.0010989010989011175
609	0.0010989010989011175
610	0.0010989010989011175
611	0.0010989010989011175
612	0.0010989010989011175
613	0.0010989010989011175
614	0.0010989010989011175
615	0.0010989010989011175
616	0.0010989010989011175
617	0.0010989010989011175
618	0.0010989010989011175
619	0.0010989010989011175
620	0.0010989010989011175
621	0.0010989010989011175
622	0.0010989010989011175
623	0.0010989010989011175
624	0.0010989010989011175
625	0.0010989010989011175
626	0.0010989010989011175
627	0.0010989010989011175
628	0.0010989010989011175
629	0.0010989010989011175
630	0.0010989010989011175
631	0.0010989010989011175
632	0.0010989010989011175
633	0.0010989010989011175
634	0.0010989010989011175
635	0.0010989010989011175
636	0.0010989010989011175
637	0.0010989010989011175
638	0.0010989010989011175
639	0.0010989010989011175
640	0.0010989010989011175
641	0.0010989010989011175
642	0.0010989010989011175
643	0.0010989010989011175
644	0.0010989010989011175
645	0.0010989010989011175
646	0.0010989010989011175
647	0.0010989010989011175
648	0.0010989010989011175
649	0.0010989010989011175
650	0.0010989010989011175
651	0.0010989010989011175
652	0.0010989010989011175
653	0.0010989010989011175
654	0.0010989010989011175
655	0.0010989010989011175
656	0.0010989010989011175
657	0.0010989010989011175
658	0.0010989010989011175
659	0.0010989010989011175
660	0.0010989010989011175
661	0.0010989010989011175
662	0.0010989010989011175
663	0.0010989010989011175
664	0.0010989010989011175
665	0.0010989010989011175
666	0.0010989010989011175
667	0.0010989010989011175
668	0.0010989010989011175
669	0.0010989010989011175
670	0.0010989010989011175
671	0.0010989010989011175
672	0.0010989010989011175
673	0.0010989010989011175
674	0.0010989010989011175
675	0.0010989010989011175
676	0.0010989010989011175
677	0.0010989010989011175
678	0.0010989010989011175
679	0.0010989010989011175
680	0.0010989010989011175
681	0.0010989010989011175
682	0.0010989010989011175
683	0.0010989010989011175
684	0.0010989010989011175
685	0.0010989010989011175
686	0.0010989010989011175
687	0.0010989010989011175
688	0.0010989010989011175
689	0.0010989010989011175
690	0.0010989010989011175
691	0.0010989010989011175
692	0.0010989010989011175
693	0.0010989010989011175
694	0.0010989010989011175
695	0.0010989010989011175
696	0.0010989010989011175
697	0.0010989010989011175
698	0.0010989010989011175
699	0.0010989010989011175
700	0.0010989010989011175
701	0.0010989010989011175
702	0.0010989010989011175
703	0.0010989010989011175
704	0.0010989010989011175
705	0.0010989010989011175
706	0.0010989010989011175
707	0.0010989010989011175
708	0.0010989010989011175
709	0.0010989010989011175
710	0.0010989010989011175
711	0.0010989010989011175
712	0.0010989010989011175
713	0.0010989010989011175
714	0.0010989010989011175
715	0.0010989010989011175
716	0.0010989010989011175
717	0.0010989010989011175
718	0.0010989010989011175
719	0.0010989010989011175
720	0.0010989010989011175
721	0.0010989010989011175
722	0.0010989010989011175
723	0.0010989010989011175
724	0.0010989010989011175
725	0.0010989010989011175
726	0.0010989010989011175
727	0.0010989010989011175
728	0.0010989010989011175
729	0.0010989010989011175
730	0.0010989010989011175
731	0.0010989010989011175
732	0.0010989010989011175
733	0.0010989010989011175
734	0.0010989010989011175
735	0.0010989010989011175
736	0.0010989010989011175
737	0.0010989010989011175
738	0.0010989010989011175
739	0.0010989010989011175
740	0.0010989010989011175
741	0.0010989010989011175
742	0.0010989010989011175
743	0.0010989010989011175
744	0.0010989010989011175
745	0.0010989010989011175
746	0.0010989010989011175
747	0.0010989010989011175
748	0.0010989010989011175
749	0.0010989010989011175
750	0.0010989010989011175
751	0.0010989010989011175
752	0.0010989010989011175
753	0.0010989010989011175
754	0.0010989010989011175
755	0.0010989010989011175
756	0.0010989010989011175
757	0.0010989010989011175
758	0.0010989010989011175
759	0.0010989010989011175
760	0.0010989010989011175
761	0.0010989010989011175
762	0.0010989010989011175
763	0.0010989010989011175
764	0.0010989010989011175
765	0.0010989010989011175
766	0.0010989010989011175
767	0.0010989010989011175
768	0.0010989010989011175
769	0.0010989010989011175
770	0.0010989010989011175
771	0.0010989010989011175
772	0.0010989010989011175
773	0.0010989010989011175
774	0.0010989010989011175
775	0.0010989010989011175
776	0.0010989010989011175
777	0.0010989010989011175
778	0.0010989010989011175
779	0.0010989010989011175
780	0.0010989010989011175
781	0.0010989010989011175
782	0.0010989010989011175
783	0.0010989010989011175
784	0.0010989010989011175
785	0.0010989010989011175
786	0.0010989010989011175
787	0.0010989010989011175
788	0.0010989010989011175
789	0.0010989010989011175
790	0.0010989010989011175
791	0.0010989010989011175
792	0.0010989010989011175
793	0.0010989010989011175
794	0.0010989010989011175
795	0.0010989010989011175
796	0.0010989010989011175
797	0.0010989010989011175
798	0.0010989010989011175
799	0.0010989010989011175
800	0.0010989010989011175
801	0.0010989010989011175
802	0.0010989010989011175
803	0.0010989010989011175
804	0.0010989010989011175
805	0.0010989010989011175
806	0.0010989010989011175
807	0.0010989010989011175
808	0.0010989010989011175
809	0.0010989010989011175
810	0.0010989010989011175
811	0.0010989010989011175
812	0.0010989010989011175
813	0.0010989010989011175
814	0.0010989010989011175
815	0.0010989010989011175
816	0.0010989010989011175
817	0.0010989010989011175
818	0.0010989010989011175
819	0.0010989010989011175
820	0.0010989010989011175
821	0.0010989010989011175
822	0.0010989010989011175
823	0.0010989010989011175
824	0.0010989010989011175
825	0.0010989010989011175
826	0.0010989010989011175
827	0.0010989010989011175
828	0.0010989010989011175
829	0.0010989010989011175
830	0.0010989010989011175
831	0.0010989010989011175
832	0.0010989010989011175
833	0.0010989010989011175
834	0.0010989010989011175
835	0.0010989010989011175
836	0.0010989010989011175
837	0.0010989010989011175
838	0.0010989010989011175
839	0.0010989010989011175
840	0.0010989010989011175
841	0.0010989010989011175
842	0.0010989010989011175
843	0.0010989010989011175
844	0.0010989010989011175
845	0.0010989010989011175
846	0.0010989010989011175
847	0.0010989010989011175
848	0.0010989010989011175
849	0.0010989010989011175
850	0.0010989010989011175
851	0.0010989010989011175
852	0.0010989010989011175
853	0.0010989010989011175
854	0.0010989010989011175
855	0.0010989010989011175
856	0.0010989010989011175
857	0.0010989010989011175
858	0.0010989010989011175
859	0.0010989010989011175
860	0.0010989010989011175
861	0.0010989010989011175
862	0.0010989010989011175
863	0.0010989010989011175
864	0.0010989010989011175
865	0.0010989010989011175
866	0.0010989010989011175
867	0.0010989010989011175
868	0.0010989010989011175
869	0.0010989010989011175
870	0.0010989010989011175
871	0.0010989010989011175
872	0.0010989010989011175
873	0.0010989010989011175
874	0.0010989010989011175
875	0.0010989010989011175
876	0.0010989010989011175
877	0.0010989010989011175
878	0.0010989010989011175
879	0.0010989010989011175
880	0.0010989010989011175
881	0.0010989010989011175
882	0.0010989010989011175
883	0.0010989010989011175
884	0.0010989010989011175
885	0.0010989010989011175
886	0.0010989010989011175
887	0.0010989010989011175
888	0.0010989010989011175
889	0.0010989010989011175
890	0.0010989010989011175
891	0.0010989010989011175
892	0.0010989010989011175
893	0.0010989010989011175
894	0.0010989010989011175
895	0.0010989010989011175
896	0.0010989010989011175
897	0.0010989010989011175
898	0.0010989010989011175
899	0.0010989010989011175
900	0.0010989010989011175
901	0.0010989010989011175
902	0.0010989010989011175
903	0.0010989010989011175
904	0.0010989010989011175
905	0.0010989010989011175
906	0.0010989010989011175
907	0.0010989010989011175
908	0.0010989010989011175
909	0.0010989010989011175
910	0.0010989010989011175
