1	2.0028520942433348e-11
2	5.902061608539788e-13
3	2.0680269996464773e-11
4	1.223881673090288e-12
5	1.2239652650777866e-12
6	2.1387203640033103e-11
7	1.9122165873311503e-12
8	1.9117594876952304e-12
9	1.912175496068813e-12
10	2.2163129404645376e-11
11	2.6675702662418144e-12
12	2.667932606607859e-12
13	2.6680488330807495e-12
14	2.6678068391558507e-12
15	2.3032874219008903e-11
16	3.5150746246007114e-12
17	3.5150773351061426e-12
18	3.5155332421196728e-12
19	3.5153791769909626e-12
20	3.5150738656591907e-12
21	2.405436483679524e-11
22	4.50848885134858e-12
23	4.50840254885565e-12
24	4.508088997587367e-12
25	4.508495031300963e-12
26	4.50847898510881e-12
27	4.508113175295814e-12
28	2.536605474279252e-11
29	5.777588910765852e-12
30	5.778310338891424e-12
31	5.7782064723232995e-12
32	5.777376623980479e-12
33	5.7778029322747004e-12
34	5.778230324771094e-12
35	5.777669792247919e-12
36	2.7180951933658548e-11
37	7.530273496772488e-12
38	7.529293594848996e-12
39	7.530053403731474e-12
40	7.529886436596911e-12
41	7.529635552214198e-12
42	7.529977726419834e-12
43	7.529796447816595e-12
44	7.529996157856766e-12
45	2.9692646778822773e-11
46	9.957717593198079e-12
47	9.958402158449786e-12
48	9.958643501853381e-12
49	9.95779717363754e-12
50	9.958321710648588e-12
51	9.958276174157343e-12
52	9.95817230758922e-12
53	9.958029192902451e-12
54	9.958069525223268e-12
55	3.2972328426611464e-11
56	1.3143988718614108e-11
57	1.314276747328702e-11
58	1.314265992043151e-11
59	1.3143758867753541e-11
60	1.3143067580448364e-11
61	1.3143058039469246e-11
62	1.314269222965625e-11
63	1.3143521644318201e-11
64	1.3142975856944572e-11
65	1.3143419078792684e-11
66	3.692202056246319e-11
67	1.700000708780569e-11
68	1.7000415615184283e-11
69	1.7000149118290286e-11
70	1.700111796135162e-11
71	1.7000166248684612e-11
72	1.700044575600468e-11
73	1.7000362706118266e-11
74	1.7001189952375872e-11
75	1.700056740348843e-11
76	1.700037354813999e-11
77	1.700072548016518e-11
78	4.130174587752e-11
79	2.1302821919672033e-11
80	2.130349108925289e-11
81	2.1303189897889374e-11
82	2.1303986135964847e-11
83	2.1303397631025622e-11
84	2.1303213967177603e-11
85	2.1303364454439144e-11
86	2.1303548335127598e-11
87	2.13033497092896e-11
88	2.1303522097435024e-11
89	2.130371378437912e-11
90	2.1303240638551046e-11
91	4.578831758195179e-11
92	2.5739528997786865e-11
93	2.5737119466878733e-11
94	2.5737943460529822e-11
95	2.5739023109053183e-11
96	2.573740049208184e-11
97	2.5738331171226703e-11
98	2.5737940641604173e-11
99	2.5737841328685174e-11
100	2.573807638371617e-11
101	2.5738460408125663e-11
102	2.5738260264404622e-11
103	2.5737950833104595e-11
104	2.5738021306245806e-11
105	5.0037294186539016e-11
106	2.996556041495735e-11
107	2.9963470506849665e-11
108	2.996470844889021e-11
109	2.996425655342472e-11
110	2.996445582978402e-11
111	2.996497039213508e-11
112	2.996448054959355e-11
113	2.996471712250759e-11
114	2.9964212534816514e-11
115	2.99643211718742e-11
116	2.9964164829920925e-11
117	2.996505430938323e-11
118	2.996428279111729e-11
119	2.9964380369312815e-11
120	5.3735257129344793e-11
121	3.366996655443377e-11
122	3.366873099763801e-11
123	3.3669170533198733e-11
124	3.366977703589402e-11
125	3.3669190916199576e-11
126	3.3668902952102564e-11
127	3.3669053439364105e-11
128	3.366958925207775e-11
129	3.366890577102821e-11
130	3.3669182242582196e-11
131	3.366916554586874e-11
132	3.3669154270166146e-11
133	3.36689101078369e-11
134	3.366932514042853e-11
135	3.366929174700162e-11
136	5.6624986383840836e-11
137	3.659115827177317e-11
138	3.659107175243981e-11
139	3.65923250901512e-11
140	3.659145360844496e-11
141	3.659118624418922e-11
142	3.6592223608827856e-11
143	3.659053463868356e-11
144	3.659216029142098e-11
145	3.659209263720542e-11
146	3.659087659604876e-11
147	3.659210478026975e-11
148	3.659169733709333e-11
149	3.6591225492307866e-11
150	3.659190984071914e-11
151	3.659130897587515e-11
152	3.6591740922020666e-11
153	5.852142338433342e-11
154	3.85406140595429e-11
155	3.8541734040387077e-11
156	3.854187737191428e-11
157	3.8540872750181254e-11
158	3.854153021037865e-11
159	3.854234227780584e-11
160	3.8540430178854446e-11
161	3.854197733535458e-11
162	3.854141940491662e-11
163	3.854132486248718e-11
164	3.854115702799088e-11
165	3.8541191071939096e-11
166	3.8541232488462085e-11
167	3.8541513079984324e-11
168	3.8541543003964285e-11
169	3.854112146615962e-11
170	3.8541602851924206e-11
171	5.930951563204445e-11
172	3.9397643350827516e-11
173	3.939674172830088e-11
174	3.939816441839161e-11
175	3.939668990343703e-11
176	3.9398536299736775e-11
177	3.9397187118553334e-11
178	3.9397932182286266e-11
179	3.939718885327681e-11
180	3.939744233974474e-11
181	3.939824378199064e-11
182	3.939758328602716e-11
183	3.939767349164791e-11
184	3.939776543199214e-11
185	3.9397578732378036e-11
186	3.939782376206902e-11
187	3.939747183004383e-11
188	3.939751194552421e-11
189	3.9397838507218563e-11
190	5.893777566684522e-11
191	3.91019649385177e-11
192	3.910287393361911e-11
193	3.910435430326542e-11
194	3.91019404355486e-11
195	3.910258987264992e-11
196	3.9103209819452145e-11
197	3.910267595830241e-11
198	3.910326207799686e-11
199	3.9102016980221976e-11
200	3.9103703998802364e-11
201	3.910249641442265e-11
202	3.9103120698033567e-11
203	3.910321762570779e-11
204	3.9102547805605625e-11
205	3.9103026155604126e-11
206	3.910299991791155e-11
207	3.910320179635607e-11
208	3.910291296489732e-11
209	3.910277418701924e-11
210	5.7407066513665006e-11
211	3.76528871016274e-11
212	3.7653001810217246e-11
213	3.7652212944716545e-11
214	3.765347690760923e-11
215	3.765207004687021e-11
216	3.7653217783290005e-11
217	3.7651975287600337e-11
218	3.7652867802828727e-11
219	3.7652976223045975e-11
220	3.765281142431576e-11
221	3.7652877777488714e-11
222	3.765206419217848e-11
223	3.7653238599971717e-11
224	3.765307423492237e-11
225	3.765249570464313e-11
226	3.765267980217202e-11
227	3.7652677200086804e-11
228	3.765274637218541e-11
229	3.7652896642606515e-11
230	3.7652657467607265e-11
231	5.4758879722283105e-11
232	3.50841385023809e-11
233	3.5084764520715295e-11
234	3.5084352740730185e-11
235	3.5084110746805286e-11
236	3.5083499256780004e-11
237	3.5084448150521363e-11
238	3.5084197482979085e-11
239	3.5084551366568184e-11
240	3.508447547241611e-11
241	3.5083057119134065e-11
242	3.5084598204102035e-11
243	3.508422892484209e-11
244	3.5084137635019164e-11
245	3.508378266722789e-11
246	3.508459690305943e-11
247	3.5083903447349907e-11
248	3.508405827142014e-11
249	3.5084346886038453e-11
250	3.5084158885381744e-11
251	3.5084174281052594e-11
252	3.5084119854103535e-11
253	5.106416288078175e-11
254	3.146376562068731e-11
255	3.146488278260584e-11
256	3.1465314078230056e-11
257	3.146464946229832e-11
258	3.146474812469602e-11
259	3.146432398480614e-11
260	3.146421990139758e-11
261	3.146443760919382e-11
262	3.146442329772514e-11
263	3.146477674763337e-11
264	3.146423659811104e-11
265	3.14649315717036e-11
266	3.146451718963328e-11
267	3.1464563376645827e-11
268	3.146455622091149e-11
269	3.146450613077112e-11
270	3.146479344434683e-11
271	3.1464614334147933e-11
272	3.146466962845873e-11
273	3.146446666581204e-11
274	3.1464561425081916e-11
275	3.1464487048812884e-11
276	4.641341651290265e-11
277	2.6882044116757764e-11
278	2.688152218183193e-11
279	2.6881740973830337e-11
280	2.6881113654453337e-11
281	2.688199814658565e-11
282	2.6881873029654946e-11
283	2.6881445203477683e-11
284	2.6882426189603348e-11
285	2.68819513090518e-11
286	2.6881559478386663e-11
287	2.6881930492370087e-11
288	2.688164469667742e-11
289	2.6881676355380857e-11
290	2.6881986220361753e-11
291	2.6881809929088507e-11
292	2.688141658054033e-11
293	2.688179323237505e-11
294	2.6881797135502872e-11
295	2.6881514592416722e-11
296	2.6881698906786045e-11
297	2.688175029796902e-11
298	2.688180667648199e-11
299	2.6881760489469442e-11
300	4.090913632154303e-11
301	2.1435778933126537e-11
302	2.1436681856695783e-11
303	2.143646805202737e-11
304	2.1436889156151162e-11
305	2.1436001628252765e-11
306	2.143652638210425e-11
307	2.1436979144931478e-11
308	2.14361571028443e-11
309	2.1436632633917152e-11
310	2.1435907953185063e-11
311	2.1436754715081774e-11
312	2.14365235631786e-11
313	2.1436344019298836e-11
314	2.143637112435315e-11
315	2.1436569967031582e-11
316	2.1436221070772477e-11
317	2.1436887855108555e-11
318	2.1436575388042445e-11
319	2.143616382489777e-11
320	2.1436226708623773e-11
321	2.1436807840988226e-11
322	2.1436307373265406e-11
323	2.1436458727888685e-11
324	2.1436511203273834e-11
325	3.465849352304873e-11
326	1.5234795196217288e-11
327	1.5234574669495404e-11
328	1.5234721904150428e-11
329	1.5234450203086003e-11
330	1.5233838279379852e-11
331	1.5235644126518344e-11
332	1.523416939472333e-11
333	1.523448424703422e-11
334	1.523488887128499e-11
335	1.5234446083117748e-11
336	1.5234910338488006e-11
337	1.5234306654718366e-11
338	1.5234983630554866e-11
339	1.523452327831243e-11
340	1.5234774379535576e-11
341	1.523456968216541e-11
342	1.5234608062922317e-11
343	1.523439599297738e-11
344	1.5234767657482107e-11
345	1.523452718144025e-11
346	1.523471279685218e-11
347	1.5234692847532205e-11
348	1.5234608062922317e-11
349	1.5234677018180487e-11
350	1.5234637336380974e-11
351	2.777000027501253e-11
352	8.384110463180439e-12
353	8.385029216101403e-12
354	8.384211944503783e-12
355	8.384126726213026e-12
356	8.384413172426997e-12
357	8.383967565334105e-12
358	8.384764453930882e-12
359	8.384624158169762e-12
360	8.384022642804467e-12
361	8.38476965810131e-12
362	8.384040206879662e-12
363	8.384382381085298e-12
364	8.38441187138439e-12
365	8.384245337930696e-12
366	8.38438823577703e-12
367	8.384257914675897e-12
368	8.384486464493857e-12
369	8.384473454067787e-12
370	8.384472803546483e-12
371	8.384248590537213e-12
372	8.384392355745285e-12
373	8.384430085980887e-12
374	8.384360046520545e-12
375	8.384382381085298e-12
376	8.384409269299176e-12
377	8.384347686615778e-12
378	2.0348407420850423e-11
379	9.902799066874302e-13
380	9.900147108360402e-13
381	9.903126495930392e-13
382	9.90622297733501e-13
383	9.905804475296431e-13
384	9.901461161393454e-13
385	9.902391406857447e-13
386	9.905435846557786e-13
387	9.900253360173306e-13
388	9.902380564835722e-13
389	9.904859051002024e-13
390	9.902499827074696e-13
391	9.903421398921308e-13
392	9.901131563933019e-13
393	9.906465838621648e-13
394	9.89990641547811e-13
395	9.905021681327897e-13
396	9.901495855862974e-13
397	9.900444179755663e-13
398	9.903777017233883e-13
399	9.902495490266006e-13
400	9.905863022213746e-13
401	9.8999107522868e-13
402	9.903135169547772e-13
403	9.902712330700503e-13
404	9.902248292170679e-13
405	9.903280452638885e-13
406	1.2493211326569664e-11
407	6.847615139846108e-12
408	6.847804875226293e-12
409	6.848278021054366e-12
410	6.8478983334535615e-12
411	6.847780805938064e-12
412	6.848183478624925e-12
413	6.847549003513587e-12
414	6.84771792221206e-12
415	6.847763675543739e-12
416	6.8483062103108505e-12
417	6.847920668018315e-12
418	6.847690166636444e-12
419	6.847918716454404e-12
420	6.8480087052347205e-12
421	6.847601045217866e-12
422	6.848069854237249e-12
423	6.84781484988628e-12
424	6.84789247876183e-12
425	6.847956663530441e-12
426	6.847871445239684e-12
427	6.847809645715852e-12
428	6.847724861105964e-12
429	6.8479332447635155e-12
430	6.847948857274799e-12
431	6.8477849259063195e-12
432	6.847833281323212e-12
433	6.84796143402e-12
434	6.847764326065042e-12
435	4.297450850038187e-12
436	1.5036761115763686e-11
437	1.5036274092147806e-11
438	1.5036537336435285e-11
439	1.5036587426575654e-11
440	1.5036365165130294e-11
441	1.503655836995743e-11
442	1.5036396606993296e-11
443	1.5036529530179643e-11
444	1.503650567773185e-11
445	1.5036377091354192e-11
446	1.5036536035392678e-11
447	1.5036618868438656e-11
448	1.5036421760483698e-11
449	1.5036525843892257e-11
450	1.503648117476275e-11
451	1.503668370372857e-11
452	1.503631247290471e-11
453	1.5036687390015957e-11
454	1.5036206004251373e-11
455	1.5036851104544002e-11
456	1.503644929921888e-11
457	1.5036464911730163e-11
458	1.503657810243697e-11
459	1.5036426964654126e-11
460	1.5036525843892257e-11
461	1.5036508496657497e-11
462	1.5036586125533047e-11
463	1.503650719561489e-11
464	1.50364965704336e-11
465	4.154225140967638e-12
466	2.3490134967371623e-11
467	2.349042358198994e-11
468	2.3490428786160367e-11
469	2.3490252278046686e-11
470	2.3490336628975705e-11
471	2.3490183322788516e-11
472	2.349055043364412e-11
473	2.3490062759506936e-11
474	2.349031039128313e-11
475	2.3490210861523697e-11
476	2.349041685993647e-11
477	2.3490511619206345e-11
478	2.3490262903227976e-11
479	2.3490379997062605e-11
480	2.349022538983281e-11
481	2.3490419895702552e-11
482	2.349050511399331e-11
483	2.3490244471791044e-11
484	2.3490383032828688e-11
485	2.3490341833146133e-11
486	2.3490331641645712e-11
487	2.349035896354046e-11
488	2.3490341833146133e-11
489	2.3490383900190426e-11
490	2.349028675567577e-11
491	2.349035180780612e-11
492	2.349036915504088e-11
493	2.3490305187112703e-11
494	2.3490312126006607e-11
495	2.3490280033622302e-11
496	1.2784976636398548e-11
497	3.213179136825339e-11
498	3.2131659312428784e-11
499	3.213166668500356e-11
500	3.213175949270952e-11
501	3.2131715257260884e-11
502	3.213176469687995e-11
503	3.213154005018981e-11
504	3.213173238765521e-11
505	3.213165540930096e-11
506	3.213169032061092e-11
507	3.213158341827671e-11
508	3.213171460673958e-11
509	3.2131689670089614e-11
510	3.213168164699354e-11
511	3.213170354787742e-11
512	3.2131611173852326e-11
513	3.213172523192087e-11
514	3.21316311231723e-11
515	3.21318486141281e-11
516	3.2131493429496394e-11
517	3.213172523192087e-11
518	3.2131659312428784e-11
519	3.2131766431603426e-11
520	3.21316751417805e-11
521	3.2131693573217435e-11
522	3.213172328035696e-11
523	3.2131765997922557e-11
524	3.213167253969529e-11
525	3.213170202999438e-11
526	3.2131650205130535e-11
527	3.213175060225171e-11
528	2.1526288564166496e-11
529	4.0891167405257556e-11
530	4.0891176078874936e-11
531	4.089112186876631e-11
532	4.0891359309042086e-11
533	4.0891161550565824e-11
534	4.0891120567723704e-11
535	4.089137774047902e-11
536	4.089118258408797e-11
537	4.089123939628181e-11
538	4.089125500879309e-11
539	4.089114832329932e-11
540	4.089129187166696e-11
541	4.0891274958113066e-11
542	4.0891157647438003e-11
543	4.0891195811354475e-11
544	4.0891276259155673e-11
545	4.089119711239708e-11
546	4.089127322338959e-11
547	4.089119082402448e-11
548	4.0891171742066246e-11
549	4.0891314856753014e-11
550	4.0891146588575844e-11
551	4.089123570999442e-11
552	4.089124568465441e-11
553	4.089116220108713e-11
554	4.0891278210719584e-11
555	4.0891238745760505e-11
556	4.089119906396099e-11
557	4.089119017350318e-11
558	4.089127278970872e-11
559	4.0891202533407944e-11
560	4.089126021296352e-11
561	3.031744256684621e-11
562	4.9707217508743184e-11
563	4.97074501785294e-11
564	4.9707237241222724e-11
565	4.9707322242673047e-11
566	4.970732441107739e-11
567	4.970729839022525e-11
568	4.970730706384263e-11
569	4.9707296655501776e-11
570	4.970744302279506e-11
571	4.970709130761031e-11
572	4.970748530667979e-11
573	4.9707237241222724e-11
574	4.970731899006653e-11
575	4.9707309232246977e-11
576	4.970729925758699e-11
577	4.9707328964726516e-11
578	4.9707279308267016e-11
579	4.9707348697206055e-11
580	4.9707278224064844e-11
581	4.9707326579481736e-11
582	4.9707311617491756e-11
583	4.9707326579481736e-11
584	4.970728277771397e-11
585	4.970728277771397e-11
586	4.970735368453605e-11
587	4.970731573746001e-11
588	4.970732484475826e-11
589	4.970729730602308e-11
590	4.9707309232246977e-11
591	4.970732853104565e-11
592	4.970731964058783e-11
593	4.970729795654438e-11
594	4.970725111901053e-11
595	3.910555646663427e-11
596	5.852618021294498e-11
597	5.852630814880133e-11
598	5.852626868384225e-11
599	5.852628451319397e-11
600	5.852628451319397e-11
601	5.852609694621813e-11
602	5.852624049458577e-11
603	5.852628841632179e-11
604	5.852629405417309e-11
605	5.852626868384225e-11
606	5.852624851768184e-11
607	5.852613923010286e-11
608	5.852627822482137e-11
609	5.852625545657575e-11
610	5.852626564807617e-11
611	5.852627800798094e-11
612	5.852623875986229e-11
613	5.852626933436356e-11
614	5.85262036317119e-11
615	5.852620645063755e-11
616	5.852627302065094e-11
617	5.852629708993917e-11
618	5.852627583957659e-11
619	5.852619539177539e-11
620	5.852626716595921e-11
621	5.852626196178878e-11
622	5.852622770100013e-11
623	5.852626261231009e-11
624	5.852629708993917e-11
625	5.85262394103836e-11
626	5.852626868384225e-11
627	5.852624526507533e-11
628	5.852627800798094e-11
629	5.852575216992728e-11
630	4.7844921600981305e-11
631	6.730146756735167e-11
632	6.730146756735167e-11
633	6.730146756735167e-11
634	6.730146756735167e-11
635	6.730146756735167e-11
636	6.730146756735167e-11
637	6.730146756735167e-11
638	6.730146756735167e-11
639	6.730146756735167e-11
640	6.730146756735167e-11
641	6.730146756735167e-11
642	6.730146756735167e-11
643	6.730146756735167e-11
644	6.730146756735167e-11
645	6.730146756735167e-11
646	6.730146756735167e-11
647	6.730146756735167e-11
648	6.730146756735167e-11
649	6.730146756735167e-11
650	6.730146756735167e-11
651	6.730146756735167e-11
652	6.730146756735167e-11
653	6.730146756735167e-11
654	6.730146756735167e-11
655	6.730146756735167e-11
656	6.730146756735167e-11
657	6.730146756735167e-11
658	6.730146756735167e-11
659	6.730146756735167e-11
660	6.730146756735167e-11
661	6.730146756735167e-11
662	6.730146756735167e-11
663	6.730146756735167e-11
664	6.730146756735167e-11
665	6.730146756735167e-11
