630	0.0032510596534241773
595	0.003247891219027435
561	0.0032444772559927547
528	0.003240794428284384
496	0.0032368166333264147
465	0.003232514600385708
435	0.0032278554189366943
406	0.0032228019825882737
378	0.003217312330692451
351	0.0032113388653363757
325	0.0032048274157425193
300	0.0031977161147544978
276	0.0031899340425074587
253	0.0031813995797936524
231	0.003172018396952173
210	0.003161680981805131
190	0.003150259580048753
171	0.003137604380434739
153	0.003123538720437613
136	0.0031078530090684984
120	0.0030902969517929207
105	0.0030705695024422055
91	0.0030483057341677998
78	0.0030230594772130822
66	0.002994280053056728
55	0.0029612806389645416
45	0.0029231945490395465
36	0.0028789137125285877
28	0.002827000320102482
21	0.0027655569779100465
15	0.002692030797366453
10	0.002602908707416258
6	0.002493226544501913
3	0.0023557443926920506
1	0.002179490140039685
631	0.0015240100733923297
632	0.0015240100733923297
633	0.0015240100733923297
634	0.0015240100733923297
635	0.0015240100733923297
636	0.0015240100733923297
637	0.0015240100733923297
638	0.0015240100733923297
639	0.0015240100733923297
640	0.0015240100733923297
641	0.0015240100733923297
642	0.0015240100733923297
643	0.0015240100733923297
644	0.0015240100733923297
645	0.0015240100733923297
646	0.0015240100733923297
647	0.0015240100733923297
648	0.0015240100733923297
649	0.0015240100733923297
650	0.0015240100733923297
651	0.0015240100733923297
652	0.0015240100733923297
653	0.0015240100733923297
654	0.0015240100733923297
655	0.0015240100733923297
656	0.0015240100733923297
657	0.0015240100733923297
658	0.0015240100733923297
659	0.0015240100733923297
660	0.0015240100733923297
661	0.0015240100733923297
662	0.0015240100733923297
663	0.0015240100733923297
664	0.0015240100733923297
665	0.0015240100733923297
596	0.0015209288014799253
597	0.0015209288014799253
598	0.0015209288014799253
599	0.0015209288014799253
600	0.0015209288014799253
601	0.0015209288014799253
602	0.0015209288014799253
603	0.0015209288014799253
604	0.0015209288014799253
605	0.0015209288014799253
606	0.0015209288014799253
607	0.0015209288014799253
608	0.0015209288014799253
609	0.0015209288014799253
610	0.0015209288014799253
611	0.0015209288014799253
612	0.0015209288014799253
613	0.0015209288014799253
614	0.0015209288014799253
615	0.0015209288014799253
616	0.0015209288014799253
617	0.0015209288014799253
618	0.0015209288014799253
619	0.0015209288014799253
620	0.0015209288014799253
621	0.0015209288014799253
622	0.0015209288014799253
623	0.0015209288014799253
624	0.0015209288014799253
625	0.0015209288014799253
626	0.0015209288014799253
627	0.0015209288014799253
628	0.0015209288014799253
629	0.0015209288014799253
562	0.0015175743002470527
563	0.0015175743002470527
564	0.0015175743002470527
565	0.0015175743002470527
566	0.0015175743002470527
567	0.0015175743002470527
568	0.0015175743002470527
569	0.0015175743002470527
570	0.0015175743002470527
571	0.0015175743002470527
572	0.0015175743002470527
573	0.0015175743002470527
574	0.0015175743002470527
575	0.0015175743002470527
576	0.0015175743002470527
577	0.0015175743002470527
578	0.0015175743002470527
579	0.0015175743002470527
580	0.0015175743002470527
581	0.0015175743002470527
582	0.0015175743002470527
583	0.0015175743002470527
584	0.0015175743002470527
585	0.0015175743002470527
586	0.0015175743002470527
587	0.0015175743002470527
588	0.0015175743002470527
589	0.0015175743002470527
590	0.0015175743002470527
591	0.0015175743002470527
592	0.0015175743002470527
593	0.0015175743002470527
594	0.0015175743002470527
529	0.0015139194723253885
530	0.0015139194723253885
531	0.0015139194723253885
532	0.0015139194723253885
533	0.0015139194723253885
534	0.0015139194723253885
535	0.0015139194723253885
536	0.0015139194723253885
537	0.0015139194723253885
538	0.0015139194723253885
539	0.0015139194723253885
540	0.0015139194723253885
541	0.0015139194723253885
542	0.0015139194723253885
543	0.0015139194723253885
544	0.0015139194723253885
545	0.0015139194723253885
546	0.0015139194723253885
547	0.0015139194723253885
548	0.0015139194723253885
549	0.0015139194723253885
550	0.0015139194723253885
551	0.0015139194723253885
552	0.0015139194723253885
553	0.0015139194723253885
554	0.0015139194723253885
555	0.0015139194723253885
556	0.0015139194723253885
557	0.0015139194723253885
558	0.0015139194723253885
559	0.0015139194723253885
560	0.0015139194723253885
497	0.001509933944988634
498	0.001509933944988634
499	0.001509933944988634
500	0.001509933944988634
501	0.001509933944988634
502	0.001509933944988634
503	0.001509933944988634
504	0.001509933944988634
505	0.001509933944988634
506	0.001509933944988634
507	0.001509933944988634
508	0.001509933944988634
509	0.001509933944988634
510	0.001509933944988634
511	0.001509933944988634
512	0.001509933944988634
513	0.001509933944988634
514	0.001509933944988634
515	0.001509933944988634
516	0.001509933944988634
517	0.001509933944988634
518	0.001509933944988634
519	0.001509933944988634
520	0.001509933944988634
521	0.001509933944988634
522	0.001509933944988634
523	0.001509933944988634
524	0.001509933944988634
525	0.001509933944988634
526	0.001509933944988634
527	0.001509933944988634
466	0.0015055835897768023
467	0.0015055835897768023
468	0.0015055835897768023
469	0.0015055835897768023
470	0.0015055835897768023
471	0.0015055835897768023
472	0.0015055835897768023
473	0.0015055835897768023
474	0.0015055835897768023
475	0.0015055835897768023
476	0.0015055835897768023
477	0.0015055835897768023
478	0.0015055835897768023
479	0.0015055835897768023
480	0.0015055835897768023
481	0.0015055835897768023
482	0.0015055835897768023
483	0.0015055835897768023
484	0.0015055835897768023
485	0.0015055835897768023
486	0.0015055835897768023
487	0.0015055835897768023
488	0.0015055835897768023
489	0.0015055835897768023
490	0.0015055835897768023
491	0.0015055835897768023
492	0.0015055835897768023
493	0.0015055835897768023
494	0.0015055835897768023
495	0.0015055835897768023
436	0.0015008299578838933
437	0.0015008299578838933
438	0.0015008299578838933
439	0.0015008299578838933
440	0.0015008299578838933
441	0.0015008299578838933
442	0.0015008299578838933
443	0.0015008299578838933
444	0.0015008299578838933
445	0.0015008299578838933
446	0.0015008299578838933
447	0.0015008299578838933
448	0.0015008299578838933
449	0.0015008299578838933
450	0.0015008299578838933
451	0.0015008299578838933
452	0.0015008299578838933
453	0.0015008299578838933
454	0.0015008299578838933
455	0.0015008299578838933
456	0.0015008299578838933
457	0.0015008299578838933
458	0.0015008299578838933
459	0.0015008299578838933
460	0.0015008299578838933
461	0.0015008299578838933
462	0.0015008299578838933
463	0.0015008299578838933
464	0.0015008299578838933
407	0.0014956296139016717
408	0.0014956296139016717
409	0.0014956296139016717
410	0.0014956296139016717
411	0.0014956296139016717
412	0.0014956296139016717
413	0.0014956296139016717
414	0.0014956296139016717
415	0.0014956296139016717
416	0.0014956296139016717
417	0.0014956296139016717
418	0.0014956296139016717
419	0.0014956296139016717
420	0.0014956296139016717
421	0.0014956296139016717
422	0.0014956296139016717
423	0.0014956296139016717
424	0.0014956296139016717
425	0.0014956296139016717
426	0.0014956296139016717
427	0.0014956296139016717
428	0.0014956296139016717
429	0.0014956296139016717
430	0.0014956296139016717
431	0.0014956296139016717
432	0.0014956296139016717
433	0.0014956296139016717
434	0.0014956296139016717
379	0.001489933346326063
380	0.001489933346326063
381	0.001489933346326063
382	0.001489933346326063
383	0.001489933346326063
384	0.001489933346326063
385	0.001489933346326063
386	0.001489933346326063
387	0.001489933346326063
388	0.001489933346326063
389	0.001489933346326063
390	0.001489933346326063
391	0.001489933346326063
392	0.001489933346326063
393	0.001489933346326063
394	0.001489933346326063
395	0.001489933346326063
396	0.001489933346326063
397	0.001489933346326063
398	0.001489933346326063
399	0.001489933346326063
400	0.001489933346326063
401	0.001489933346326063
402	0.001489933346326063
403	0.001489933346326063
404	0.001489933346326063
405	0.001489933346326063
352	0.0014836852278872974
353	0.0014836852278872974
354	0.0014836852278872974
355	0.0014836852278872974
356	0.0014836852278872974
357	0.0014836852278872974
358	0.0014836852278872974
359	0.0014836852278872974
360	0.0014836852278872974
361	0.0014836852278872974
362	0.0014836852278872974
363	0.0014836852278872974
364	0.0014836852278872974
365	0.0014836852278872974
366	0.0014836852278872974
367	0.0014836852278872974
368	0.0014836852278872974
369	0.0014836852278872974
370	0.0014836852278872974
371	0.0014836852278872974
372	0.0014836852278872974
373	0.0014836852278872974
374	0.0014836852278872974
375	0.0014836852278872974
376	0.0014836852278872974
377	0.0014836852278872974
326	0.0014768214918940191
327	0.0014768214918940191
328	0.0014768214918940191
329	0.0014768214918940191
330	0.0014768214918940191
331	0.0014768214918940191
332	0.0014768214918940191
333	0.0014768214918940191
334	0.0014768214918940191
335	0.0014768214918940191
336	0.0014768214918940191
337	0.0014768214918940191
338	0.0014768214918940191
339	0.0014768214918940191
340	0.0014768214918940191
341	0.0014768214918940191
342	0.0014768214918940191
343	0.0014768214918940191
344	0.0014768214918940191
345	0.0014768214918940191
346	0.0014768214918940191
347	0.0014768214918940191
348	0.0014768214918940191
349	0.0014768214918940191
350	0.0014768214918940191
301	0.0014692691818876322
302	0.0014692691818876322
303	0.0014692691818876322
304	0.0014692691818876322
305	0.0014692691818876322
306	0.0014692691818876322
307	0.0014692691818876322
308	0.0014692691818876322
309	0.0014692691818876322
310	0.0014692691818876322
311	0.0014692691818876322
312	0.0014692691818876322
313	0.0014692691818876322
314	0.0014692691818876322
315	0.0014692691818876322
316	0.0014692691818876322
317	0.0014692691818876322
318	0.0014692691818876322
319	0.0014692691818876322
320	0.0014692691818876322
321	0.0014692691818876322
322	0.0014692691818876322
323	0.0014692691818876322
324	0.0014692691818876322
277	0.0014609445203046306
278	0.0014609445203046306
279	0.0014609445203046306
280	0.0014609445203046306
281	0.0014609445203046306
282	0.0014609445203046306
283	0.0014609445203046306
284	0.0014609445203046306
285	0.0014609445203046306
286	0.0014609445203046306
287	0.0014609445203046306
288	0.0014609445203046306
289	0.0014609445203046306
290	0.0014609445203046306
291	0.0014609445203046306
292	0.0014609445203046306
293	0.0014609445203046306
294	0.0014609445203046306
295	0.0014609445203046306
296	0.0014609445203046306
297	0.0014609445203046306
298	0.0014609445203046306
299	0.0014609445203046306
254	0.0014517509265995253
255	0.0014517509265995253
256	0.0014517509265995253
257	0.0014517509265995253
258	0.0014517509265995253
259	0.0014517509265995253
260	0.0014517509265995253
261	0.0014517509265995253
262	0.0014517509265995253
263	0.0014517509265995253
264	0.0014517509265995253
265	0.0014517509265995253
266	0.0014517509265995253
267	0.0014517509265995253
268	0.0014517509265995253
269	0.0014517509265995253
270	0.0014517509265995253
271	0.0014517509265995253
272	0.0014517509265995253
273	0.0014517509265995253
274	0.0014517509265995253
275	0.0014517509265995253
232	0.0014415765950735314
233	0.0014415765950735314
234	0.0014415765950735314
235	0.0014415765950735314
236	0.0014415765950735314
237	0.0014415765950735314
238	0.0014415765950735314
239	0.0014415765950735314
240	0.0014415765950735314
241	0.0014415765950735314
242	0.0014415765950735314
243	0.0014415765950735314
244	0.0014415765950735314
245	0.0014415765950735314
246	0.0014415765950735314
247	0.0014415765950735314
248	0.0014415765950735314
249	0.0014415765950735314
250	0.0014415765950735314
251	0.0014415765950735314
252	0.0014415765950735314
211	0.0014302915156286756
212	0.0014302915156286756
213	0.0014302915156286756
214	0.0014302915156286756
215	0.0014302915156286756
216	0.0014302915156286756
217	0.0014302915156286756
218	0.0014302915156286756
219	0.0014302915156286756
220	0.0014302915156286756
221	0.0014302915156286756
222	0.0014302915156286756
223	0.0014302915156286756
224	0.0014302915156286756
225	0.0014302915156286756
226	0.0014302915156286756
227	0.0014302915156286756
228	0.0014302915156286756
229	0.0014302915156286756
230	0.0014302915156286756
191	0.001417743784175961
192	0.001417743784175961
193	0.001417743784175961
194	0.001417743784175961
195	0.001417743784175961
196	0.001417743784175961
197	0.001417743784175961
198	0.001417743784175961
199	0.001417743784175961
200	0.001417743784175961
201	0.001417743784175961
202	0.001417743784175961
203	0.001417743784175961
204	0.001417743784175961
205	0.001417743784175961
206	0.001417743784175961
207	0.001417743784175961
208	0.001417743784175961
209	0.001417743784175961
172	0.0014037549996473455
173	0.0014037549996473455
174	0.0014037549996473455
175	0.0014037549996473455
176	0.0014037549996473455
177	0.0014037549996473455
178	0.0014037549996473455
179	0.0014037549996473455
180	0.0014037549996473455
181	0.0014037549996473455
182	0.0014037549996473455
183	0.0014037549996473455
184	0.0014037549996473455
185	0.0014037549996473455
186	0.0014037549996473455
187	0.0014037549996473455
188	0.0014037549996473455
189	0.0014037549996473455
154	0.0013881144759065264
155	0.0013881144759065264
156	0.0013881144759065264
157	0.0013881144759065264
158	0.0013881144759065264
159	0.0013881144759065264
160	0.0013881144759065264
161	0.0013881144759065264
162	0.0013881144759065264
163	0.0013881144759065264
164	0.0013881144759065264
165	0.0013881144759065264
166	0.0013881144759065264
167	0.0013881144759065264
168	0.0013881144759065264
169	0.0013881144759065264
170	0.0013881144759065264
137	0.0013705719010393693
138	0.0013705719010393693
139	0.0013705719010393693
140	0.0013705719010393693
141	0.0013705719010393693
142	0.0013705719010393693
143	0.0013705719010393693
144	0.0013705719010393693
145	0.0013705719010393693
146	0.0013705719010393693
147	0.0013705719010393693
148	0.0013705719010393693
149	0.0013705719010393693
150	0.0013705719010393693
151	0.0013705719010393693
152	0.0013705719010393693
121	0.0013508279410715737
122	0.0013508279410715737
123	0.0013508279410715737
124	0.0013508279410715737
125	0.0013508279410715737
126	0.0013508279410715737
127	0.0013508279410715737
128	0.0013508279410715737
129	0.0013508279410715737
130	0.0013508279410715737
131	0.0013508279410715737
132	0.0013508279410715737
133	0.0013508279410715737
134	0.0013508279410715737
135	0.0013508279410715737
106	0.001328522091066654
107	0.001328522091066654
108	0.001328522091066654
109	0.001328522091066654
110	0.001328522091066654
111	0.001328522091066654
112	0.001328522091066654
113	0.001328522091066654
114	0.001328522091066654
115	0.001328522091066654
116	0.001328522091066654
117	0.001328522091066654
118	0.001328522091066654
119	0.001328522091066654
92	0.001303216794193726
93	0.001303216794193726
94	0.001303216794193726
95	0.001303216794193726
96	0.001303216794193726
97	0.001303216794193726
98	0.001303216794193726
99	0.001303216794193726
100	0.001303216794193726
101	0.001303216794193726
102	0.001303216794193726
103	0.001303216794193726
104	0.001303216794193726
79	0.0012743764318185623
80	0.0012743764318185623
81	0.0012743764318185623
82	0.0012743764318185623
83	0.0012743764318185623
84	0.0012743764318185623
85	0.0012743764318185623
86	0.0012743764318185623
87	0.0012743764318185623
88	0.0012743764318185623
89	0.0012743764318185623
90	0.0012743764318185623
67	0.001241339159126709
68	0.001241339159126709
69	0.001241339159126709
70	0.001241339159126709
71	0.001241339159126709
72	0.001241339159126709
73	0.001241339159126709
74	0.001241339159126709
75	0.001241339159126709
76	0.001241339159126709
77	0.001241339159126709
56	0.0012032785958479022
57	0.0012032785958479022
58	0.0012032785958479022
59	0.0012032785958479022
60	0.0012032785958479022
61	0.0012032785958479022
62	0.0012032785958479022
63	0.0012032785958479022
64	0.0012032785958479022
65	0.0012032785958479022
46	0.0011591508678410985
47	0.0011591508678410985
48	0.0011591508678410985
49	0.0011591508678410985
50	0.0011591508678410985
51	0.0011591508678410985
52	0.0011591508678410985
53	0.0011591508678410985
54	0.0011591508678410985
37	0.0011076200626352
38	0.0011076200626352
39	0.0011076200626352
40	0.0011076200626352
41	0.0011076200626352
42	0.0011076200626352
43	0.0011076200626352
44	0.0011076200626352
29	0.0010469511464576036
30	0.0010469511464576036
31	0.0010469511464576036
32	0.0010469511464576036
33	0.0010469511464576036
34	0.0010469511464576036
35	0.0010469511464576036
22	0.000974852558944455
23	0.000974852558944455
24	0.000974852558944455
25	0.000974852558944455
26	0.000974852558944455
27	0.000974852558944455
16	0.0008882386765430013
17	0.0008882386765430013
18	0.0008882386765430013
19	0.0008882386765430013
20	0.0008882386765430013
11	0.0007828603259996069
12	0.0007828603259996069
13	0.0007828603259996069
14	0.0007828603259996069
7	0.0006527093910782889
8	0.0006527093910782889
9	0.0006527093910782889
4	0.0004890185262525172
5	0.0004890185262525172
2	0.00027849438470777075
