630	0.003251059701269099
595	0.0032478912581329913
561	0.0032444772863101973
528	0.0032407944498106726
496	0.0032368166461113914
465	0.003232514604539933
435	0.0032278554146392435
406	0.0032228019700950624
378	0.0032173123103440434
351	0.0032113388375663754
325	0.003204827381084026
300	0.0031977160738453614
276	0.003189933996094042
253	0.0031813995287294896
231	0.003172018342193293
210	0.0031616809243980647
190	0.003150259521110977
171	0.003137604321125223
153	0.0031235386619161898
136	0.003107852952443512
120	0.0030902968980576636
105	0.0030705694524049113
91	0.003048305688379482
78	0.0030230594359113364
66	0.0029942800161347075
55	0.002961280605992213
45	0.0029231945193468997
36	0.0028789136853476357
28	0.002827000294736427
21	0.0027655569538556817
15	0.002692030774333579
10	0.0026029086852531287
6	0.0024932265231147094
3	0.0023557443720117806
1	0.0021794901200111643
631	0.0015240101406937972
632	0.0015240101406937972
633	0.0015240101406937972
634	0.0015240101406937972
635	0.0015240101406937972
636	0.0015240101406937972
637	0.0015240101406937972
638	0.0015240101406937972
639	0.0015240101406937972
640	0.0015240101406937972
641	0.0015240101406937972
642	0.0015240101406937972
643	0.0015240101406937972
644	0.0015240101406937972
645	0.0015240101406937972
646	0.0015240101406937972
647	0.0015240101406937972
648	0.0015240101406937972
649	0.0015240101406937972
650	0.0015240101406937972
651	0.0015240101406937972
652	0.0015240101406937972
653	0.0015240101406937972
654	0.0015240101406937972
655	0.0015240101406937972
656	0.0015240101406937972
657	0.0015240101406937972
658	0.0015240101406937972
659	0.0015240101406937972
660	0.0015240101406937972
661	0.0015240101406937972
662	0.0015240101406937972
663	0.0015240101406937972
664	0.0015240101406937972
665	0.0015240101406937972
597	0.0015209288600062335
617	0.0015209288600062224
624	0.0015209288600062224
604	0.0015209288600062194
603	0.0015209288600062138
599	0.0015209288600062099
600	0.0015209288600062099
608	0.0015209288600062036
611	0.0015209288600062034
628	0.0015209288600062034
618	0.0015209288600062012
616	0.0015209288600061984
613	0.0015209288600061947
598	0.001520928860006194
605	0.001520928860006194
626	0.001520928860006194
620	0.0015209288600061925
610	0.001520928860006191
623	0.001520928860006188
621	0.0015209288600061873
609	0.0015209288600061808
606	0.0015209288600061739
627	0.0015209288600061706
602	0.0015209288600061658
625	0.0015209288600061648
612	0.001520928860006164
622	0.001520928860006153
615	0.0015209288600061318
614	0.001520928860006129
619	0.0015209288600061207
596	0.0015209288600061056
607	0.0015209288600060646
601	0.0015209288600060223
629	0.0015209288600056775
572	0.001517574349954538
563	0.001517574349954503
570	0.0015175743499544958
586	0.0015175743499544064
579	0.0015175743499544014
577	0.0015175743499543817
591	0.0015175743499543813
581	0.0015175743499543793
583	0.0015175743499543793
588	0.0015175743499543776
566	0.0015175743499543772
565	0.001517574349954375
592	0.0015175743499543724
574	0.0015175743499543717
587	0.0015175743499543685
582	0.0015175743499543644
575	0.001517574349954362
590	0.001517574349954362
568	0.0015175743499543598
576	0.001517574349954352
567	0.0015175743499543511
593	0.0015175743499543507
589	0.00151757434995435
569	0.0015175743499543494
584	0.0015175743499543355
585	0.0015175743499543355
578	0.001517574349954332
580	0.001517574349954331
594	0.0015175743499543039
564	0.00151757434995429
573	0.00151757434995429
562	0.0015175743499542703
571	0.001517574349954144
535	0.0015139195132167662
532	0.0015139195132167478
549	0.0015139195132167034
540	0.0015139195132166804
554	0.0015139195132166667
544	0.0015139195132166648
541	0.0015139195132166635
546	0.0015139195132166617
558	0.0015139195132166613
560	0.0015139195132166487
538	0.0015139195132166435
552	0.0015139195132166342
537	0.001513919513216628
555	0.0015139195132166273
551	0.0015139195132166242
559	0.001513919513216591
556	0.0015139195132165876
545	0.0015139195132165856
543	0.0015139195132165843
547	0.0015139195132165793
557	0.0015139195132165787
536	0.001513919513216571
530	0.0015139195132165646
548	0.0015139195132165603
529	0.001513919513216556
553	0.0015139195132165507
533	0.00151391951321655
542	0.0015139195132165462
539	0.0015139195132165368
550	0.001513919513216535
531	0.0015139195132165104
534	0.001513919513216509
515	0.0015099339771204826
497	0.0015099339771204253
519	0.0015099339771204004
523	0.0015099339771204
502	0.0015099339771203987
500	0.0015099339771203935
527	0.0015099339771203846
504	0.0015099339771203664
513	0.0015099339771203592
517	0.0015099339771203592
522	0.0015099339771203573
501	0.0015099339771203492
508	0.0015099339771203486
511	0.0015099339771203375
525	0.001509933977120336
521	0.0015099339771203276
506	0.0015099339771203243
509	0.0015099339771203237
510	0.0015099339771203156
520	0.0015099339771203091
524	0.0015099339771203065
499	0.0015099339771203007
498	0.0015099339771202933
518	0.0015099339771202933
505	0.0015099339771202894
526	0.0015099339771202842
514	0.001509933977120265
512	0.0015099339771202452
507	0.0015099339771202174
503	0.001509933977120174
516	0.0015099339771201274
472	0.0015055836132673527
477	0.001505583613267314
482	0.0015055836132673074
468	0.001505583613267231
467	0.0015055836132672259
481	0.0015055836132672222
476	0.0015055836132672191
489	0.0015055836132671862
484	0.0015055836132671853
479	0.0015055836132671823
492	0.0015055836132671714
487	0.0015055836132671612
491	0.001505583613267154
485	0.001505583613267144
488	0.001505583613267144
470	0.001505583613267139
486	0.001505583613267134
494	0.0015055836132671144
474	0.0015055836132671127
493	0.0015055836132671075
490	0.001505583613267089
495	0.0015055836132670823
478	0.0015055836132670652
469	0.0015055836132670546
483	0.0015055836132670467
480	0.0015055836132670277
475	0.0015055836132670131
471	0.0015055836132669856
466	0.0015055836132669372
473	0.001505583613266865
455	0.0015008299729207444
436	0.0015008299729206544
453	0.0015008299729205807
451	0.001500829972920577
447	0.0015008299729205121
439	0.0015008299729204807
462	0.0015008299729204794
458	0.0015008299729204714
441	0.0015008299729204516
438	0.0015008299729204306
446	0.0015008299729204293
443	0.0015008299729204228
449	0.001500829972920419
460	0.001500829972920419
461	0.0015008299729204018
463	0.0015008299729204005
444	0.001500829972920399
464	0.0015008299729203898
450	0.0015008299729203744
457	0.0015008299729203582
456	0.0015008299729203426
459	0.0015008299729203202
448	0.001500829972920315
442	0.0015008299729202899
445	0.0015008299729202704
440	0.0015008299729202584
452	0.0015008299729202057
437	0.0015008299729201674
454	0.0015008299729200993
416	0.001495629620749978
409	0.0014956296207499498
412	0.0014956296207498552
422	0.0014956296207497416
420	0.0014956296207496804
433	0.0014956296207496332
425	0.0014956296207496284
430	0.0014956296207496206
429	0.001495629620749605
417	0.0014956296207495924
419	0.0014956296207495905
410	0.00149562962074957
424	0.0014956296207495642
426	0.0014956296207495432
432	0.001495629620749505
423	0.0014956296207494866
427	0.0014956296207494814
408	0.0014956296207494766
431	0.0014956296207494567
411	0.0014956296207494525
434	0.001495629620749436
415	0.0014956296207494354
428	0.0014956296207493966
414	0.0014956296207493897
418	0.001495629620749362
407	0.0014956296207492869
421	0.0014956296207492728
413	0.0014956296207492207
394	0.0014899333453360724
401	0.001489933345336072
380	0.0014899333453360483
387	0.0014899333453360377
397	0.0014899333453360186
392	0.0014899333453359499
384	0.001489933345335917
396	0.0014899333453359134
404	0.0014899333453358382
388	0.001489933345335825
385	0.0014899333453358239
399	0.0014899333453358135
390	0.001489933345335813
403	0.0014899333453357918
379	0.0014899333453357831
381	0.0014899333453357504
402	0.0014899333453357495
405	0.001489933345335735
391	0.0014899333453357209
398	0.0014899333453356853
389	0.0014899333453355771
395	0.0014899333453355609
386	0.0014899333453355194
383	0.0014899333453354826
400	0.0014899333453354767
382	0.0014899333453354407
393	0.0014899333453354164
357	0.0014836852195033298
360	0.0014836852195032747
362	0.0014836852195032571
352	0.0014836852195031869
355	0.0014836852195031706
354	0.0014836852195030854
365	0.001483685219503052
371	0.0014836852195030488
367	0.0014836852195030394
377	0.0014836852195029497
374	0.0014836852195029373
363	0.001483685219502915
375	0.001483685219502915
366	0.0014836852195029091
372	0.001483685219502905
376	0.001483685219502888
364	0.0014836852195028855
356	0.0014836852195028842
373	0.0014836852195028673
370	0.0014836852195028245
369	0.001483685219502824
368	0.0014836852195028109
359	0.0014836852195026732
358	0.001483685219502533
361	0.0014836852195025277
353	0.0014836852195022681
330	0.0014768214766601809
332	0.0014768214766598497
337	0.0014768214766597125
343	0.0014768214766596231
335	0.001476821476659573
329	0.001476821476659569
333	0.0014768214766595349
339	0.0014768214766594959
345	0.001476821476659492
341	0.0014768214766594494
327	0.0014768214766594445
342	0.001476821476659411
348	0.001476821476659411
350	0.0014768214766593818
349	0.0014768214766593421
347	0.0014768214766593263
346	0.0014768214766593063
328	0.0014768214766592972
344	0.0014768214766592515
340	0.0014768214766592448
326	0.001476821476659224
334	0.0014768214766591303
336	0.0014768214766591088
338	0.0014768214766590355
331	0.001476821476658375
301	0.0014692691604518532
310	0.0014692691604517242
305	0.0014692691604516305
308	0.001469269160451475
319	0.0014692691604514683
316	0.001469269160451411
320	0.0014692691604514055
322	0.0014692691604513248
313	0.0014692691604512882
314	0.001469269160451261
323	0.0014692691604511734
303	0.0014692691604511641
324	0.001469269160451121
312	0.0014692691604511086
306	0.0014692691604511058
315	0.0014692691604510622
318	0.0014692691604510568
309	0.0014692691604509995
302	0.0014692691604509503
311	0.0014692691604508775
321	0.0014692691604508243
317	0.0014692691604507443
304	0.001469269160450743
307	0.001469269160450653
280	0.001460944493423517
292	0.001460944493423214
283	0.0014609444934231854
295	0.001460944493423116
278	0.0014609444934231084
286	0.0014609444934230711
288	0.0014609444934229859
289	0.0014609444934229542
296	0.0014609444934229317
279	0.0014609444934228896
297	0.0014609444934228803
299	0.00146094449342287
293	0.0014609444934228374
294	0.0014609444934228335
298	0.001460944493422824
291	0.0014609444934228207
282	0.0014609444934227576
287	0.0014609444934227
285	0.0014609444934226793
290	0.0014609444934226444
281	0.0014609444934226324
277	0.0014609444934225865
284	0.0014609444934222044
254	0.0014517508951357597
260	0.0014517508951353054
264	0.0014517508951352887
259	0.0014517508951352013
262	0.001451750895135102
261	0.0014517508951350877
273	0.0014517508951350587
275	0.0014517508951350383
269	0.0014517508951350192
266	0.0014517508951350081
268	0.001451750895134969
274	0.001451750895134964
267	0.001451750895134962
271	0.001451750895134911
257	0.0014517508951348759
272	0.0014517508951348557
258	0.0014517508951347772
263	0.0014517508951347486
270	0.0014517508951347319
255	0.0014517508951346425
265	0.0014517508951345938
256	0.0014517508951342112
241	0.0014415765599904743
236	0.0014415765599900322
245	0.0014415765599897488
247	0.001441576559989628
248	0.0014415765599894732
235	0.0014415765599894207
252	0.0014415765599894116
244	0.0014415765599893938
232	0.001441576559989393
250	0.0014415765599893725
251	0.0014415765599893572
238	0.001441576559989334
243	0.0014415765599893025
249	0.0014415765599891845
234	0.0014415765599891787
237	0.0014415765599890833
240	0.001441576559989056
239	0.00144157655998898
246	0.0014415765599889345
242	0.0014415765599889332
233	0.001441576559988767
217	0.0014302914779767003
222	0.0014302914779766114
215	0.0014302914779766055
213	0.0014302914779764626
225	0.0014302914779761799
230	0.0014302914779760181
227	0.0014302914779759984
226	0.0014302914779759958
228	0.0014302914779759292
220	0.0014302914779758642
218	0.0014302914779758078
221	0.0014302914779757978
211	0.0014302914779757885
229	0.001430291477975779
219	0.0014302914779756994
212	0.0014302914779756738
224	0.0014302914779756014
216	0.0014302914779754578
223	0.001430291477975437
214	0.0014302914779751987
194	0.0014177437450740207
191	0.0014177437450739962
199	0.0014177437450739441
201	0.0014177437450734647
204	0.0014177437450734133
195	0.0014177437450733712
197	0.0014177437450732851
209	0.001417743745073187
192	0.0014177437450730872
208	0.0014177437450730481
206	0.0014177437450729612
205	0.001417743745072935
202	0.0014177437450728404
207	0.0014177437450727593
196	0.0014177437450727513
203	0.0014177437450727435
198	0.001417743745072699
200	0.001417743745072257
193	0.0014177437450716068
175	0.0014037549602506556
173	0.0014037549602506038
177	0.0014037549602501584
179	0.0014037549602501566
180	0.0014037549602499031
187	0.0014037549602498737
188	0.0014037549602498335
185	0.0014037549602497668
182	0.0014037549602497622
172	0.0014037549602497021
183	0.001403754960249672
184	0.00140375496024958
186	0.0014037549602495217
189	0.001403754960249507
178	0.0014037549602494133
174	0.001403754960249181
181	0.0014037549602491017
176	0.0014037549602488092
160	0.0013881144373660962
154	0.0013881144373659123
157	0.0013881144373656536
169	0.001388114437365405
164	0.0013881144373653694
165	0.0013881144373653353
166	0.001388114437365294
163	0.0013881144373652015
162	0.001388114437365107
167	0.0013881144373650133
158	0.0013881144373649962
168	0.0013881144373649834
170	0.0013881144373649235
155	0.0013881144373647924
156	0.001388114437364649
161	0.001388114437364549
159	0.0013881144373641841
143	0.0013705718644488347
146	0.0013705718644484927
138	0.0013705718644482976
137	0.001370571864448211
141	0.001370571864448183
149	0.0013705718644481438
151	0.0013705718644480603
140	0.0013705718644479157
148	0.001370571864447672
152	0.0013705718644476284
150	0.0013705718644474595
145	0.0013705718644472767
147	0.0013705718644472645
144	0.001370571864447209
142	0.0013705718644471457
139	0.0013705718644470442
122	0.0013508279074028427
126	0.0013508279074026708
129	0.001350827907402668
133	0.0013508279074026636
127	0.0013508279074025203
132	0.0013508279074024195
131	0.0013508279074024082
123	0.0013508279074024032
130	0.0013508279074023915
125	0.0013508279074023828
135	0.001350827907402282
134	0.0013508279074022486
128	0.0013508279074019845
124	0.0013508279074017967
121	0.0013508279074016072
107	0.0013285220611031834
116	0.0013285220611024891
114	0.0013285220611024414
109	0.0013285220611023974
118	0.0013285220611023712
115	0.0013285220611023328
119	0.0013285220611022736
110	0.0013285220611021981
112	0.0013285220611021734
108	0.0013285220611019455
113	0.0013285220611019368
111	0.0013285220611016836
117	0.0013285220611015996
106	0.0013285220611010935
93	0.0013032167684566066
96	0.0013032167684563255
99	0.0013032167684558847
98	0.0013032167684557854
94	0.0013032167684557826
103	0.0013032167684557752
104	0.0013032167684557047
100	0.0013032167684556496
102	0.0013032167684554658
97	0.0013032167684553949
101	0.0013032167684552656
95	0.001303216768454703
92	0.001303216768454197
79	0.0012743764105157403
81	0.0012743764105153724
84	0.0012743764105153483
90	0.0012743764105153216
87	0.0012743764105152126
85	0.0012743764105151978
83	0.0012743764105151646
80	0.0012743764105150712
88	0.0012743764105150402
86	0.001274376410515014
89	0.0012743764105148485
82	0.0012743764105145761
67	0.0012413391421267018
69	0.0012413391421265598
71	0.0012413391421265427
73	0.0012413391421263462
76	0.0012413391421263354
68	0.0012413391421262933
72	0.0012413391421262632
75	0.0012413391421261415
77	0.0012413391421259834
70	0.001241339142125591
74	0.001241339142125519
58	0.0012032785827052422
62	0.00120327858270521
57	0.0012032785827051347
64	0.0012032785827049263
61	0.0012032785827048441
60	0.0012032785827048346
65	0.001203278582704483
63	0.0012032785827043805
59	0.0012032785827041433
56	0.0012032785827039134
46	0.001159150857883381
49	0.0011591508578833014
53	0.0011591508578830693
54	0.001159150857883029
52	0.0011591508578829262
51	0.0011591508578828224
50	0.0011591508578827768
47	0.0011591508578826964
48	0.001159150857882455
38	0.0011076200551059063
41	0.0011076200551055643
43	0.0011076200551054034
40	0.0011076200551053135
42	0.0011076200551052222
44	0.0011076200551052037
39	0.0011076200551051465
37	0.0011076200551049264
32	0.001046951140680227
29	0.0010469511406800147
35	0.0010469511406799338
33	0.0010469511406798007
31	0.0010469511406793971
34	0.0010469511406793733
30	0.0010469511406792933
24	0.000974852554436366
27	0.0009748525544363418
23	0.0009748525544360524
26	0.000974852554435976
22	0.0009748525544359661
25	0.0009748525544359599
20	0.0008882386730279274
16	0.0008882386730279266
17	0.0008882386730279239
19	0.0008882386730276221
18	0.000888238673027468
11	0.0007828603233320366
14	0.0007828603233318
12	0.0007828603233316743
13	0.0007828603233315581
8	0.0006527093891665294
9	0.0006527093891661134
7	0.0006527093891660723
4	0.0004890185250286355
5	0.0004890185250285519
2	0.0002784943841175646
