1	3.115737312250899e-11
2	1.0741971548378082e-12
3	3.2355740049033743e-11
4	2.2370231752069647e-12
5	2.237035535111731e-12
6	3.36680583586102e-11
7	3.5128352050134426e-12
8	3.512075938232051e-12
9	3.5122035488277525e-12
10	3.512899780094836e-11
11	4.933843481338962e-12
12	4.933414354119092e-12
13	4.9340640080608456e-12
14	4.933491115632904e-12
15	3.68003327463895e-11
16	6.560388517151683e-12
17	6.5591451541002765e-12
18	6.560290288434856e-12
19	6.559861594895855e-12
20	6.559943994260964e-12
21	3.884174926138684e-11
22	8.541133512257604e-12
23	8.540534382137088e-12
24	8.541333222297776e-12
25	8.540957220984358e-12
26	8.540796542222395e-12
27	8.54100601008212e-12
28	4.160488273341478e-11
29	1.1210464414407317e-11
30	1.1212352010389615e-11
31	1.1211421548085188e-11
32	1.1211240269481948e-11
33	1.1211802753569033e-11
34	1.1211440630043423e-11
35	1.1211537340877209e-11
36	4.5553367501727227e-11
37	1.502630138372485e-11
38	1.5025351622621752e-11
39	1.5025539189597592e-11
40	1.5025792892905954e-11
41	1.5025916058272748e-11
42	1.502522325308453e-11
43	1.5026207058135843e-11
44	1.5025446165051193e-11
45	5.0997353909232324e-11
46	2.0303762143791815e-11
47	2.0305104386081352e-11
48	2.0304200378309933e-11
49	2.0304890364572503e-11
50	2.0304439770149618e-11
51	2.0304836588144748e-11
52	2.0304562935516413e-11
53	2.0304778474908303e-11
54	2.0304905977083787e-11
55	5.788020063235422e-11
56	2.7017305276669235e-11
57	2.7019413833054284e-11
58	2.701902742340001e-11
59	2.701856880588105e-11
60	2.701859244148841e-11
61	2.7018981453227897e-11
62	2.701841311444908e-11
63	2.7019064719954744e-11
64	2.701835998854263e-11
65	2.7019134325734218e-11
66	6.57553265309696e-11
67	3.475190794854921e-11
68	3.4751785650544154e-11
69	3.4752500790297125e-11
70	3.4751957821849144e-11
71	3.475226812051091e-11
72	3.4751711924796425e-11
73	3.4752080336694635e-11
74	3.475281347420367e-11
75	3.475200812882995e-11
76	3.475202309081993e-11
77	3.475273064115769e-11
78	7.391142385626548e-11
79	4.2817197704048127e-11
80	4.281644678562346e-11
81	4.2817997628410986e-11
82	4.281616055624993e-11
83	4.2817866873628985e-11
84	4.281708104389437e-11
85	4.28173421197775e-11
86	4.281695245751671e-11
87	4.281724367422024e-11
88	4.2817181657855974e-11
89	4.281724887839067e-11
90	4.28172735982002e-11
91	8.154208731847579e-11
92	5.041855279629137e-11
93	5.041838344391203e-11
94	5.041865384393385e-11
95	5.041816551927536e-11
96	5.041826808480088e-11
97	5.04179313316061e-11
98	5.0418510512406645e-11
99	5.0418791103928884e-11
100	5.0418376938698994e-11
101	5.0417922224307854e-11
102	5.041880021122713e-11
103	5.041810393659196e-11
104	5.04184467613189e-11
105	8.789244766022053e-11
106	5.680201339668123e-11
107	5.67996723873504e-11
108	5.680066204709344e-11
109	5.680122648274444e-11
110	5.6799343874092134e-11
111	5.680120393133925e-11
112	5.680045279607415e-11
113	5.680034177377169e-11
114	5.680033028122866e-11
115	5.680054712166316e-11
116	5.680069413947775e-11
117	5.6800493995756707e-11
118	5.6800413331115074e-11
119	5.6800871514953166e-11
120	9.234907977218043e-11
121	6.134126995412104e-11
122	6.134096984695969e-11
123	6.134217808186071e-11
124	6.134196709611794e-11
125	6.13409397061393e-11
126	6.134195430253231e-11
127	6.134159868421973e-11
128	6.13418348234529e-11
129	6.134161906722058e-11
130	6.134139333632826e-11
131	6.134167631309528e-11
132	6.13416103936032e-11
133	6.134182268038857e-11
134	6.134145036536254e-11
135	6.134166026690313e-11
136	9.44797894433802e-11
137	6.359607003340872e-11
138	6.359589222425244e-11
139	6.359635691330356e-11
140	6.359432360054929e-11
141	6.359649157121339e-11
142	6.359537050616704e-11
143	6.359586988968768e-11
144	6.359615134857166e-11
145	6.359518554127641e-11
146	6.359630335371624e-11
147	6.35952891910041e-11
148	6.359618409147727e-11
149	6.359542926992479e-11
150	6.359608738064348e-11
151	6.359574368855481e-11
152	6.359575908422566e-11
153	9.403561523207982e-11
154	6.330022638868782e-11
155	6.329845501917841e-11
156	6.329966238671769e-11
157	6.329911204569494e-11
158	6.329860442223778e-11
159	6.32999629275599e-11
160	6.329936748372678e-11
161	6.329934081235333e-11
162	6.329915367905836e-11
163	6.329949758798747e-11
164	6.329959213041692e-11
165	6.329934081235333e-11
166	6.329926274979691e-11
167	6.329928031387211e-11
168	6.32995405223935e-11
169	6.329940998445194e-11
170	6.329940066031325e-11
171	9.092924503628641e-11
172	6.035074523458306e-11
173	6.035067215935663e-11
174	6.035093106683542e-11
175	6.035061881660975e-11
176	6.035153214851985e-11
177	6.035011466259954e-11
178	6.035088965031243e-11
179	6.035067671300576e-11
180	6.035084281277858e-11
181	6.03508655810242e-11
182	6.035070576962398e-11
183	6.035159177963934e-11
184	6.035029767592626e-11
185	6.035103384920137e-11
186	6.03509824580184e-11
187	6.035088357878027e-11
188	6.035086926731159e-11
189	6.035087729040767e-11
190	8.520463935096645e-11
191	5.478137127951088e-11
192	5.478280654634682e-11
193	5.478094974170622e-11
194	5.478268229677785e-11
195	5.478179802148597e-11
196	5.4782044135379127e-11
197	5.478208381717864e-11
198	5.4781895599681496e-11
199	5.4781516996282864e-11
200	5.478235877084958e-11
201	5.478185678524372e-11
202	5.4782270733633176e-11
203	5.47817284157065e-11
204	5.478194460561969e-11
205	5.4782135642042484e-11
206	5.4781764411218625e-11
207	5.4782404307340826e-11
208	5.4781816019242036e-11
209	5.4782038714368264e-11
210	7.700414091094121e-11
211	4.6725166270855656e-11
212	4.672555614995688e-11
213	4.6725512348189113e-11
214	4.6725895722077304e-11
215	4.672576475045487e-11
216	4.672524650181642e-11
217	4.672564418717329e-11
218	4.6725394820673616e-11
219	4.672540089220578e-11
220	4.67259139366738e-11
221	4.672554704265863e-11
222	4.6725894854715566e-11
223	4.6725085172533154e-11
224	4.672567367747238e-11
225	4.6725480689485677e-11
226	4.6725554848914275e-11
227	4.672576735254008e-11
228	4.672547591899612e-11
229	4.672545293391006e-11
230	4.6725571762468165e-11
231	6.653594428890353e-11
232	3.6382747509167146e-11
233	3.638291404262084e-11
234	3.638209048265062e-11
235	3.6383074938223237e-11
236	3.63819872666038e-11
237	3.638276008591235e-11
238	3.638298646732596e-11
239	3.638248816800749e-11
240	3.638272322303848e-11
241	3.638251202045528e-11
242	3.638288064919393e-11
243	3.638193392385691e-11
244	3.6382630849013387e-11
245	3.638286330195917e-11
246	3.6382623042757745e-11
247	3.638241747802584e-11
248	3.63827635553593e-11
249	3.638233160921378e-11
250	3.638275401438018e-11
251	3.638245824402753e-11
252	3.6382550184371754e-11
253	5.4050557432572255e-11
254	2.3999395786650224e-11
255	2.3999144251746207e-11
256	2.399864248298078e-11
257	2.3999181114620072e-11
258	2.3998855420287457e-11
259	2.399919022191832e-11
260	2.399898335614381e-11
261	2.3999050142997636e-11
262	2.3998839807776173e-11
263	2.3999329433477268e-11
264	2.399917764517312e-11
265	2.3999034096805483e-11
266	2.39991429507036e-11
267	2.3998795138646667e-11
268	2.3999240962579993e-11
269	2.399906922495587e-11
270	2.3998867997032658e-11
271	2.3999094378446273e-11
272	2.3999158563214884e-11
273	2.3999032362082007e-11
274	2.3999020219017675e-11
275	2.3999137312852303e-11
276	3.9818142706649073e-11
277	9.842389056546885e-12
278	9.842534339637998e-12
279	9.84246061389027e-12
280	9.842759853689875e-12
281	9.841746775179905e-12
282	9.84326639294486e-12
283	9.841881216249293e-12
284	9.843007485466071e-12
285	9.842345688459986e-12
286	9.842375178759077e-12
287	9.842687428984753e-12
288	9.8425161250415e-12
289	9.842517859764977e-12
290	9.842513089275418e-12
291	9.842714317198631e-12
292	9.84268439321867e-12
293	9.842402066972955e-12
294	9.842372142992994e-12
295	9.84253824276582e-12
296	9.842509186147597e-12
297	9.842466685422435e-12
298	9.842492272593706e-12
299	9.842554722638841e-12
300	2.4113417859683572e-11
301	5.8132825810075506e-12
302	5.813265233772791e-12
303	5.813315974434463e-12
304	5.813150308342507e-12
305	5.813264366411053e-12
306	5.813397940118703e-12
307	5.813151175704245e-12
308	5.813331153264878e-12
309	5.8132205646432844e-12
310	5.813473400589908e-12
311	5.813146405214686e-12
312	5.8136594496827065e-12
313	5.812871885224613e-12
314	5.813387531777847e-12
315	5.813422659928236e-12
316	5.81322229936676e-12
317	5.8133697508622184e-12
318	5.813095664553014e-12
319	5.813322479647498e-12
320	5.813350668903983e-12
321	5.813238345558913e-12
322	5.8132110236641665e-12
323	5.813326816456188e-12
324	5.813313806030118e-12
325	7.204382923564623e-12
326	2.269985241443173e-11
327	2.270046910862744e-11
328	2.269956791978167e-11
329	2.2700256605001634e-11
330	2.269989231307168e-11
331	2.270005971388711e-11
332	2.2699854582836076e-11
333	2.269995606415942e-11
334	2.270004713714191e-11
335	2.270015468999742e-11
336	2.269984937866565e-11
337	2.2700216272680818e-11
338	2.2699894047795155e-11
339	2.270005971388711e-11
340	2.2700188517105202e-11
341	2.269983983768653e-11
342	2.2699967339862015e-11
343	2.270000767218283e-11
344	2.2700070122227967e-11
345	2.2700066652781015e-11
346	2.2699975146117657e-11
347	2.2700079229526215e-11
348	2.2699906190859487e-11
349	2.2700044968737565e-11
350	2.2700010274268045e-11
351	1.0655484307398044e-11
352	4.056296531301795e-11
353	4.0562882479971973e-11
354	4.056287163795025e-11
355	4.056318258713332e-11
356	4.0562774059754725e-11
357	4.056300130853008e-11
358	4.0563027763063086e-11
359	4.0562890286227615e-11
360	4.056298612969966e-11
361	4.056293495535712e-11
362	4.056295794044318e-11
363	4.056305681968131e-11
364	4.05627016350496e-11
365	4.0563140520089025e-11
366	4.056294839946406e-11
367	4.056286296433287e-11
368	4.056297008350751e-11
369	4.05630737332352e-11
370	4.056289722512152e-11
371	4.056291370499454e-11
372	4.0562976588720545e-11
373	4.0562972251911855e-11
374	4.0562911536590196e-11
375	4.0562941460570157e-11
376	4.05629995738066e-11
377	4.0562881178929366e-11
378	2.9231899886794643e-11
379	5.916600803040906e-11
380	5.916616155343668e-11
381	5.916582111395452e-11
382	5.916624395280179e-11
383	5.916586101259447e-11
384	5.91661333641802e-11
385	5.91657248368016e-11
386	5.916612165479673e-11
387	5.916591131957527e-11
388	5.916599328525951e-11
389	5.916600629568558e-11
390	5.916602320923947e-11
391	5.916598721372734e-11
392	5.916603101549511e-11
393	5.916604966377248e-11
394	5.916605096481509e-11
395	5.916581244033714e-11
396	5.916603838806989e-11
397	5.916602234187773e-11
398	5.916594774876827e-11
399	5.916597290225867e-11
400	5.916604532696379e-11
401	5.916590047755355e-11
402	5.916603968911249e-11
403	5.916599241789777e-11
404	5.916592866681003e-11
405	5.916604706168727e-11
406	4.8312235288727745e-11
407	7.829408735920973e-11
408	7.829421876451303e-11
409	7.82941675901705e-11
410	7.829426907149384e-11
411	7.829424001487562e-11
412	7.829414026827575e-11
413	7.829430680172944e-11
414	7.829418450372438e-11
415	7.82942178971513e-11
416	7.829421876451303e-11
417	7.829432891945376e-11
418	7.82941437377227e-11
419	7.829425215793995e-11
420	7.829418884053307e-11
421	7.829420358568262e-11
422	7.829430550068683e-11
423	7.829415414606355e-11
424	7.82942738419834e-11
425	7.829425042321647e-11
426	7.82942053204061e-11
427	7.829417669746874e-11
428	7.829422917285389e-11
429	7.82942304738965e-11
430	7.829422917285389e-11
431	7.829421702978956e-11
432	7.829421833083217e-11
433	7.829419491206524e-11
434	7.829424001487562e-11
435	6.770629716601473e-11
436	9.775495343755658e-11
437	9.775502282649562e-11
438	9.775490269689491e-11
439	9.775500157613304e-11
440	9.775509351647726e-11
441	9.775499463723913e-11
442	9.775490269689491e-11
443	9.775498726466436e-11
444	9.775507920500859e-11
445	9.775499637196261e-11
446	9.775494346289659e-11
447	9.775493955976877e-11
448	9.775509178175379e-11
449	9.775493955976877e-11
450	9.77549699174296e-11
451	9.775493435559834e-11
452	9.775506142409296e-11
453	9.775490096217143e-11
454	9.775506012305035e-11
455	9.775490269689491e-11
456	9.775507226611468e-11
457	9.775491137051229e-11
458	9.77550635924973e-11
459	9.775492047781054e-11
460	9.77550510157521e-11
461	9.775493262087487e-11
462	9.7755031500113e-11
463	9.775495387123745e-11
464	9.775169779527304e-11
465	8.72489832118295e-11
466	1.1738067245622985e-10
467	1.1738067245622985e-10
468	1.1738067245622985e-10
469	1.1738067245622985e-10
470	1.1738067245622985e-10
471	1.1738067245622985e-10
472	1.1738067245622985e-10
473	1.1738067245622985e-10
474	1.1738067245622985e-10
475	1.1738067245622985e-10
476	1.1738067245622985e-10
477	1.1738067245622985e-10
478	1.1738067245622985e-10
479	1.1738067245622985e-10
480	1.1738067245622985e-10
481	1.1738067245622985e-10
482	1.1738067245622985e-10
483	1.1738067245622985e-10
484	1.1738067245622985e-10
485	1.1738067245622985e-10
486	1.1738067245622985e-10
487	1.1738067245622985e-10
488	1.1738067245622985e-10
489	1.1738067245622985e-10
490	1.1738067245622985e-10
491	1.1738067245622985e-10
492	1.1738067245622985e-10
493	1.1738067245622985e-10
494	1.1738067245622985e-10
495	1.1738067245622985e-10
