465	0.004322901001061521
435	0.004317112797064997
406	0.004310806738086293
378	0.00430392584174217
351	0.004296405298086523
325	0.004288171151833715
300	0.004279138717816506
276	0.004269210665767792
253	0.004258274692626396
231	0.004246200676890696
210	0.0042328371779304045
190	0.0042180071005643496
171	0.004201502287225539
153	0.004183076720264078
136	0.004162437905935336
120	0.004139235855237866
105	0.004113048853490621
91	0.004083364887110479
78	0.004049557120103069
66	0.004010851100225854
55	0.003966280287657471
45	0.003914624805511092
36	0.0038543256118719477
28	0.003783361877351142
21	0.00369907191838063
15	0.003597885107591994
10	0.0034749088471328193
6	0.00332327073740941
3	0.0031330290749876245
1	0.0028892822390048038
466	0.002048463732185468
467	0.002048463732185468
468	0.002048463732185468
469	0.002048463732185468
470	0.002048463732185468
471	0.002048463732185468
472	0.002048463732185468
473	0.002048463732185468
474	0.002048463732185468
475	0.002048463732185468
476	0.002048463732185468
477	0.002048463732185468
478	0.002048463732185468
479	0.002048463732185468
480	0.002048463732185468
481	0.002048463732185468
482	0.002048463732185468
483	0.002048463732185468
484	0.002048463732185468
485	0.002048463732185468
486	0.002048463732185468
487	0.002048463732185468
488	0.002048463732185468
489	0.002048463732185468
490	0.002048463732185468
491	0.002048463732185468
492	0.002048463732185468
493	0.002048463732185468
494	0.002048463732185468
495	0.002048463732185468
436	0.002042817547514982
437	0.002042817547514982
438	0.002042817547514982
439	0.002042817547514982
440	0.002042817547514982
441	0.002042817547514982
442	0.002042817547514982
443	0.002042817547514982
444	0.002042817547514982
445	0.002042817547514982
446	0.002042817547514982
447	0.002042817547514982
448	0.002042817547514982
449	0.002042817547514982
450	0.002042817547514982
451	0.002042817547514982
452	0.002042817547514982
453	0.002042817547514982
454	0.002042817547514982
455	0.002042817547514982
456	0.002042817547514982
457	0.002042817547514982
458	0.002042817547514982
459	0.002042817547514982
460	0.002042817547514982
461	0.002042817547514982
462	0.002042817547514982
463	0.002042817547514982
464	0.002042817547514982
407	0.0020365938600509404
408	0.0020365938600509404
409	0.0020365938600509404
410	0.0020365938600509404
411	0.0020365938600509404
412	0.0020365938600509404
413	0.0020365938600509404
414	0.0020365938600509404
415	0.0020365938600509404
416	0.0020365938600509404
417	0.0020365938600509404
418	0.0020365938600509404
419	0.0020365938600509404
420	0.0020365938600509404
421	0.0020365938600509404
422	0.0020365938600509404
423	0.0020365938600509404
424	0.0020365938600509404
425	0.0020365938600509404
426	0.0020365938600509404
427	0.0020365938600509404
428	0.0020365938600509404
429	0.0020365938600509404
430	0.0020365938600509404
431	0.0020365938600509404
432	0.0020365938600509404
433	0.0020365938600509404
434	0.0020365938600509404
379	0.0020297263144516296
380	0.0020297263144516296
381	0.0020297263144516296
382	0.0020297263144516296
383	0.0020297263144516296
384	0.0020297263144516296
385	0.0020297263144516296
386	0.0020297263144516296
387	0.0020297263144516296
388	0.0020297263144516296
389	0.0020297263144516296
390	0.0020297263144516296
391	0.0020297263144516296
392	0.0020297263144516296
393	0.0020297263144516296
394	0.0020297263144516296
395	0.0020297263144516296
396	0.0020297263144516296
397	0.0020297263144516296
398	0.0020297263144516296
399	0.0020297263144516296
400	0.0020297263144516296
401	0.0020297263144516296
402	0.0020297263144516296
403	0.0020297263144516296
404	0.0020297263144516296
405	0.0020297263144516296
352	0.002022139253816067
353	0.002022139253816067
354	0.002022139253816067
355	0.002022139253816067
356	0.002022139253816067
357	0.002022139253816067
358	0.002022139253816067
359	0.002022139253816067
360	0.002022139253816067
361	0.002022139253816067
362	0.002022139253816067
363	0.002022139253816067
364	0.002022139253816067
365	0.002022139253816067
366	0.002022139253816067
367	0.002022139253816067
368	0.002022139253816067
369	0.002022139253816067
370	0.002022139253816067
371	0.002022139253816067
372	0.002022139253816067
373	0.002022139253816067
374	0.002022139253816067
375	0.002022139253816067
376	0.002022139253816067
377	0.002022139253816067
326	0.0020137461363751914
327	0.0020137461363751914
328	0.0020137461363751914
329	0.0020137461363751914
330	0.0020137461363751914
331	0.0020137461363751914
332	0.0020137461363751914
333	0.0020137461363751914
334	0.0020137461363751914
335	0.0020137461363751914
336	0.0020137461363751914
337	0.0020137461363751914
338	0.0020137461363751914
339	0.0020137461363751914
340	0.0020137461363751914
341	0.0020137461363751914
342	0.0020137461363751914
343	0.0020137461363751914
344	0.0020137461363751914
345	0.0020137461363751914
346	0.0020137461363751914
347	0.0020137461363751914
348	0.0020137461363751914
349	0.0020137461363751914
350	0.0020137461363751914
301	0.002004447629574045
302	0.002004447629574045
303	0.002004447629574045
304	0.002004447629574045
305	0.002004447629574045
306	0.002004447629574045
307	0.002004447629574045
308	0.002004447629574045
309	0.002004447629574045
310	0.002004447629574045
311	0.002004447629574045
312	0.002004447629574045
313	0.002004447629574045
314	0.002004447629574045
315	0.002004447629574045
316	0.002004447629574045
317	0.002004447629574045
318	0.002004447629574045
319	0.002004447629574045
320	0.002004447629574045
321	0.002004447629574045
322	0.002004447629574045
323	0.002004447629574045
324	0.002004447629574045
277	0.0019941293039461697
278	0.0019941293039461697
279	0.0019941293039461697
280	0.0019941293039461697
281	0.0019941293039461697
282	0.0019941293039461697
283	0.0019941293039461697
284	0.0019941293039461697
285	0.0019941293039461697
286	0.0019941293039461697
287	0.0019941293039461697
288	0.0019941293039461697
289	0.0019941293039461697
290	0.0019941293039461697
291	0.0019941293039461697
292	0.0019941293039461697
293	0.0019941293039461697
294	0.0019941293039461697
295	0.0019941293039461697
296	0.0019941293039461697
297	0.0019941293039461697
298	0.0019941293039461697
299	0.0019941293039461697
254	0.001982658827407478
255	0.001982658827407478
256	0.001982658827407478
257	0.001982658827407478
258	0.001982658827407478
259	0.001982658827407478
260	0.001982658827407478
261	0.001982658827407478
262	0.001982658827407478
263	0.001982658827407478
264	0.001982658827407478
265	0.001982658827407478
266	0.001982658827407478
267	0.001982658827407478
268	0.001982658827407478
269	0.001982658827407478
270	0.001982658827407478
271	0.001982658827407478
272	0.001982658827407478
273	0.001982658827407478
274	0.001982658827407478
275	0.001982658827407478
232	0.001969882531765929
233	0.001969882531765929
234	0.001969882531765929
235	0.001969882531765929
236	0.001969882531765929
237	0.001969882531765929
238	0.001969882531765929
239	0.001969882531765929
240	0.001969882531765929
241	0.001969882531765929
242	0.001969882531765929
243	0.001969882531765929
244	0.001969882531765929
245	0.001969882531765929
246	0.001969882531765929
247	0.001969882531765929
248	0.001969882531765929
249	0.001969882531765929
250	0.001969882531765929
251	0.001969882531765929
252	0.001969882531765929
211	0.001955621184734718
212	0.001955621184734718
213	0.001955621184734718
214	0.001955621184734718
215	0.001955621184734718
216	0.001955621184734718
217	0.001955621184734718
218	0.001955621184734718
219	0.001955621184734718
220	0.001955621184734718
221	0.001955621184734718
222	0.001955621184734718
223	0.001955621184734718
224	0.001955621184734718
225	0.001955621184734718
226	0.001955621184734718
227	0.001955621184734718
228	0.001955621184734718
229	0.001955621184734718
230	0.001955621184734718
191	0.0019396647488232539
192	0.0019396647488232539
193	0.0019396647488232539
194	0.0019396647488232539
195	0.0019396647488232539
196	0.0019396647488232539
197	0.0019396647488232539
198	0.0019396647488232539
199	0.0019396647488232539
200	0.0019396647488232539
201	0.0019396647488232539
202	0.0019396647488232539
203	0.0019396647488232539
204	0.0019396647488232539
205	0.0019396647488232539
206	0.0019396647488232539
207	0.0019396647488232539
208	0.0019396647488232539
209	0.0019396647488232539
172	0.0019217658377975256
173	0.0019217658377975256
174	0.0019217658377975256
175	0.0019217658377975256
176	0.0019217658377975256
177	0.0019217658377975256
178	0.0019217658377975256
179	0.0019217658377975256
180	0.0019217658377975256
181	0.0019217658377975256
182	0.0019217658377975256
183	0.0019217658377975256
184	0.0019217658377975256
185	0.0019217658377975256
186	0.0019217658377975256
187	0.0019217658377975256
188	0.0019217658377975256
189	0.0019217658377975256
154	0.0019016314841350654
155	0.0019016314841350654
156	0.0019016314841350654
157	0.0019016314841350654
158	0.0019016314841350654
159	0.0019016314841350654
160	0.0019016314841350654
161	0.0019016314841350654
162	0.0019016314841350654
163	0.0019016314841350654
164	0.0019016314841350654
165	0.0019016314841350654
166	0.0019016314841350654
167	0.0019016314841350654
168	0.0019016314841350654
169	0.0019016314841350654
170	0.0019016314841350654
137	0.001878912695511183
138	0.001878912695511183
139	0.001878912695511183
140	0.001878912695511183
141	0.001878912695511183
142	0.001878912695511183
143	0.001878912695511183
144	0.001878912695511183
145	0.001878912695511183
146	0.001878912695511183
147	0.001878912695511183
148	0.001878912695511183
149	0.001878912695511183
150	0.001878912695511183
151	0.001878912695511183
152	0.001878912695511183
121	0.0018531910875647073
122	0.0018531910875647073
123	0.0018531910875647073
124	0.0018531910875647073
125	0.0018531910875647073
126	0.0018531910875647073
127	0.0018531910875647073
128	0.0018531910875647073
129	0.0018531910875647073
130	0.0018531910875647073
131	0.0018531910875647073
132	0.0018531910875647073
133	0.0018531910875647073
134	0.0018531910875647073
135	0.0018531910875647073
106	0.0018239616077258226
107	0.0018239616077258226
108	0.0018239616077258226
109	0.0018239616077258226
110	0.0018239616077258226
111	0.0018239616077258226
112	0.0018239616077258226
113	0.0018239616077258226
114	0.0018239616077258226
115	0.0018239616077258226
116	0.0018239616077258226
117	0.0018239616077258226
118	0.0018239616077258226
119	0.0018239616077258226
92	0.0017906099701129957
93	0.0017906099701129957
94	0.0017906099701129957
95	0.0017906099701129957
96	0.0017906099701129957
97	0.0017906099701129957
98	0.0017906099701129957
99	0.0017906099701129957
100	0.0017906099701129957
101	0.0017906099701129957
102	0.0017906099701129957
103	0.0017906099701129957
104	0.0017906099701129957
79	0.0017523828404432085
80	0.0017523828404432085
81	0.0017523828404432085
82	0.0017523828404432085
83	0.0017523828404432085
84	0.0017523828404432085
85	0.0017523828404432085
86	0.0017523828404432085
87	0.0017523828404432085
88	0.0017523828404432085
89	0.0017523828404432085
90	0.0017523828404432085
67	0.0017083479398087283
68	0.0017083479398087283
69	0.0017083479398087283
70	0.0017083479398087283
71	0.0017083479398087283
72	0.0017083479398087283
73	0.0017083479398087283
74	0.0017083479398087283
75	0.0017083479398087283
76	0.0017083479398087283
77	0.0017083479398087283
56	0.0016573399084691051
57	0.0016573399084691051
58	0.0016573399084691051
59	0.0016573399084691051
60	0.0016573399084691051
61	0.0016573399084691051
62	0.0016573399084691051
63	0.0016573399084691051
64	0.0016573399084691051
65	0.0016573399084691051
46	0.0015978857022232102
47	0.0015978857022232102
48	0.0015978857022232102
49	0.0015978857022232102
50	0.0015978857022232102
51	0.0015978857022232102
52	0.0015978857022232102
53	0.0015978857022232102
54	0.0015978857022232102
37	0.0015280999958818538
38	0.0015280999958818538
39	0.0015280999958818538
40	0.0015280999958818538
41	0.0015280999958818538
42	0.0015280999958818538
43	0.0015280999958818538
44	0.0015280999958818538
29	0.0014455356732922392
30	0.0014455356732922392
31	0.0014455356732922392
32	0.0014455356732922392
33	0.0014455356732922392
34	0.0014455356732922392
35	0.0014455356732922392
22	0.0013469653999206518
23	0.0013469653999206518
24	0.0013469653999206518
25	0.0013469653999206518
26	0.0013469653999206518
27	0.0013469653999206518
16	0.0012280544746852283
17	0.0012280544746852283
18	0.0012280544746852283
19	0.0012280544746852283
20	0.0012280544746852283
11	0.0010828566394333878
12	0.0010828566394333878
13	0.0010828566394333878
14	0.0010828566394333878
7	0.0009030108060471204
8	0.0009030108060471204
9	0.0009030108060471204
4	0.0006764103293156712
5	0.0006764103293156712
2	0.0003848932999935106
