465	0.004322901088310504
435	0.004317112864771294
406	0.004310806786398528
378	0.00430392587097407
351	0.004296405308742007
325	0.004288171144629332
300	0.004279138693703088
276	0.00426921062594965
253	0.004258274638575838
231	0.0042462006103547514
210	0.004232837100926264
190	0.00421800701535971
171	0.004201502196296294
153	0.004183076626228463
136	0.004162437811455547
120	0.004139235762888787
105	0.004113048765598174
91	0.004083364805568391
78	0.004049557046191645
66	0.004010851034470527
55	0.00396628022977727
45	0.003914624754513738
36	0.00385432556631858
28	0.0037833618357462594
21	0.003699071879538881
15	0.003597885070791661
10	0.0034749088120038215
6	0.0033232707037413518
3	0.0031330290426318844
1	0.0028892822078474306
466	0.0020484638495661405
467	0.0020484638495661405
468	0.0020484638495661405
469	0.0020484638495661405
470	0.0020484638495661405
471	0.0020484638495661405
472	0.0020484638495661405
473	0.0020484638495661405
474	0.0020484638495661405
475	0.0020484638495661405
476	0.0020484638495661405
477	0.0020484638495661405
478	0.0020484638495661405
479	0.0020484638495661405
480	0.0020484638495661405
481	0.0020484638495661405
482	0.0020484638495661405
483	0.0020484638495661405
484	0.0020484638495661405
485	0.0020484638495661405
486	0.0020484638495661405
487	0.0020484638495661405
488	0.0020484638495661405
489	0.0020484638495661405
490	0.0020484638495661405
491	0.0020484638495661405
492	0.0020484638495661405
493	0.0020484638495661405
494	0.0020484638495661405
495	0.0020484638495661405
440	0.0020428176452700754
448	0.0020428176452700736
444	0.002042817645270061
456	0.002042817645270054
458	0.0020428176452700455
452	0.0020428176452700433
454	0.002042817645270042
460	0.002042817645270033
462	0.0020428176452700134
437	0.0020428176452700047
439	0.0020428176452699834
445	0.0020428176452699782
441	0.0020428176452699765
443	0.002042817645269969
450	0.0020428176452699518
463	0.0020428176452699357
436	0.0020428176452699353
446	0.0020428176452699253
447	0.0020428176452699214
449	0.0020428176452699214
451	0.002042817645269916
461	0.0020428176452699145
459	0.0020428176452699023
457	0.0020428176452698932
438	0.0020428176452698846
442	0.0020428176452698846
455	0.0020428176452698846
453	0.002042817645269883
464	0.0020428176452666797
417	0.0020365939383452693
413	0.002036593938345247
422	0.002036593938345246
424	0.002036593938345214
410	0.0020365939383452094
419	0.0020365939383451925
425	0.0020365939383451908
411	0.0020365939383451804
434	0.0020365939383451804
429	0.002036593938345171
428	0.0020365939383451695
430	0.0020365939383451695
408	0.002036593938345159
416	0.002036593938345159
432	0.0020365939383451587
415	0.0020365939383451583
431	0.0020365939383451574
426	0.0020365939383451457
421	0.002036593938345144
433	0.0020365939383451353
420	0.002036593938345129
414	0.002036593938345125
427	0.002036593938345117
409	0.002036593938345108
423	0.0020365939383450945
418	0.002036593938345084
412	0.0020365939383450806
407	0.0020365939383450277
382	0.0020297263736178735
380	0.002029726373617791
384	0.002029726373617763
386	0.0020297263736177512
394	0.0020297263736176806
393	0.0020297263736176793
405	0.0020297263736176767
400	0.002029726373617675
402	0.0020297263736176693
396	0.002029726373617668
392	0.0020297263736176606
390	0.002029726373617653
397	0.002029726373617652
379	0.0020297263736176376
389	0.002029726373617636
388	0.002029726373617623
403	0.002029726373617622
391	0.002029726373617617
399	0.0020297263736176025
398	0.0020297263736175773
404	0.0020297263736175583
387	0.002029726373617541
401	0.00202972637361753
383	0.0020297263736174906
381	0.0020297263736174507
395	0.002029726373617442
385	0.0020297263736173544
355	0.0020221392943792498
365	0.0020221392943792077
369	0.002022139294379141
363	0.002022139294379124
358	0.002022139294379095
357	0.0020221392943790685
376	0.0020221392943790668
360	0.0020221392943790533
372	0.0020221392943790438
373	0.0020221392943790394
368	0.0020221392943790373
352	0.0020221392943790325
362	0.002022139294379025
366	0.0020221392943790156
375	0.0020221392943790086
361	0.002022139294379002
371	0.002022139294378981
374	0.0020221392943789787
370	0.0020221392943789644
359	0.0020221392943789575
353	0.0020221392943789497
377	0.0020221392943789484
354	0.002022139294378939
367	0.00202213929437893
356	0.0020221392943788412
364	0.002022139294378769
327	0.0020137461590756605
329	0.002013746159075448
337	0.0020137461590754076
340	0.00201374615907538
335	0.002013746159075346
347	0.0020137461590752706
344	0.0020137461590752615
345	0.002013746159075258
331	0.002013746159075251
339	0.002013746159075251
334	0.0020137461590752385
349	0.0020137461590752363
350	0.0020137461590752016
343	0.002013746159075199
346	0.0020137461590751665
342	0.0020137461590751587
333	0.0020137461590751474
348	0.0020137461590750976
338	0.0020137461590750854
330	0.0020137461590750837
332	0.002013746159075046
326	0.002013746159075044
336	0.0020137461590750408
341	0.002013746159075031
328	0.0020137461590747593
312	0.0020044476353877046
310	0.0020044476353875186
315	0.002004447635387468
306	0.002004447635387443
314	0.0020044476353874327
317	0.002004447635387415
320	0.002004447635387396
308	0.0020044476353873763
323	0.002004447635387372
319	0.0020044476353873676
303	0.002004447635387361
324	0.002004447635387359
301	0.0020044476353873277
302	0.0020044476353873104
305	0.0020044476353873095
321	0.0020044476353872835
316	0.0020044476353872675
309	0.0020044476353872657
322	0.002004447635387256
307	0.0020044476353871963
304	0.0020044476353871955
311	0.0020044476353871916
318	0.002004447635387141
313	0.002004447635386917
281	0.001994129294104423
283	0.0019941292941042885
285	0.001994129294103824
294	0.0019941292941037976
286	0.0019941292941037946
277	0.0019941292941037807
293	0.0019941292941037677
279	0.001994129294103709
297	0.001994129294103703
298	0.0019941292941036775
296	0.0019941292941036606
290	0.0019941292941036567
288	0.0019941292941036536
289	0.001994129294103652
278	0.0019941292941036354
295	0.0019941292941036315
299	0.001994129294103615
292	0.0019941292941034854
287	0.0019941292941034823
291	0.0019941292941034554
280	0.00199412929410341
284	0.0019941292941031623
282	0.0019941292941029034
256	0.0019826588034088355
267	0.001982658803408683
262	0.0019826588034086382
258	0.0019826588034086226
270	0.00198265880340861
260	0.0019826588034084947
274	0.001982658803408458
273	0.0019826588034084457
265	0.001982658803408444
261	0.001982658803408428
269	0.001982658803408409
271	0.0019826588034083836
275	0.0019826588034083407
266	0.001982658803408335
255	0.0019826588034083338
272	0.0019826588034083195
264	0.0019826588034083004
257	0.001982658803408297
259	0.001982658803408288
268	0.001982658803408237
263	0.0019826588034081486
254	0.0019826588034080822
243	0.001969882495383995
236	0.001969882495383942
234	0.0019698824953838386
249	0.0019698824953835975
247	0.0019698824953835116
251	0.001969882495383471
239	0.001969882495383441
241	0.001969882495383417
252	0.001969882495383379
246	0.001969882495383306
244	0.0019698824953832982
240	0.001969882495383206
232	0.0019698824953831816
250	0.001969882495383175
237	0.001969882495383169
248	0.0019698824953831655
245	0.001969882495383066
242	0.0019698824953830484
233	0.001969882495383015
238	0.0019698824953829426
235	0.001969882495382854
223	0.0019556211380096326
211	0.0019556211380095515
216	0.0019556211380094713
218	0.001955621138009323
219	0.001955621138009317
229	0.001955621138009265
228	0.001955621138009242
225	0.001955621138009237
213	0.0019556211380092055
221	0.0019556211380091708
226	0.001955621138009163
212	0.0019556211380091617
230	0.001955621138009146
217	0.0019556211380090736
224	0.001955621138009044
215	0.001955621138008953
227	0.0019556211380089505
222	0.001955621138008823
214	0.001955621138008822
220	0.001955621138008804
193	0.0019396646940423041
191	0.0019396646940418826
199	0.0019396646940417369
203	0.0019396646940415254
206	0.0019396646940414894
195	0.0019396646940414558
208	0.0019396646940414378
201	0.001939664694041397
198	0.0019396646940413583
204	0.0019396646940413092
209	0.0019396646940412151
196	0.0019396646940412097
197	0.00193966469404117
205	0.0019396646940411182
202	0.0019396646940409831
200	0.001939664694040895
207	0.0019396646940408495
194	0.0019396646940405716
192	0.0019396646940404473
177	0.001921765777447411
184	0.0019217657774472279
175	0.0019217657774469067
173	0.0019217657774468534
179	0.0019217657774468488
182	0.0019217657774468198
172	0.0019217657774467803
180	0.0019217657774466827
181	0.00192176577744666
188	0.0019217657774466563
189	0.0019217657774466483
187	0.001921765777446642
178	0.001921765777446636
174	0.0019217657774465945
186	0.001921765777446543
185	0.0019217657774464917
176	0.0019217657774459934
183	0.0019217657774459338
155	0.0019016314208366103
158	0.001901631420836461
157	0.0019016314208359533
162	0.0019016314208359117
166	0.0019016314208358026
167	0.001901631420835785
161	0.0019016314208357245
165	0.0019016314208357245
160	0.0019016314208356979
170	0.0019016314208356647
169	0.0019016314208356554
163	0.0019016314208355678
168	0.0019016314208355248
164	0.0019016314208354732
156	0.001901631420835403
159	0.0019016314208351024
154	0.001901631420834839
140	0.0018789126319168595
145	0.0018789126319159976
147	0.001878912631915894
142	0.0018789126319158126
149	0.0018789126319157538
151	0.0018789126319154394
152	0.001878912631915424
143	0.0018789126319153132
138	0.0018789126319152909
137	0.001878912631915113
150	0.0018789126319150957
144	0.0018789126319150317
148	0.001878912631914999
146	0.0018789126319148797
139	0.0018789126319148262
141	0.0018789126319146915
125	0.0018531910262237676
122	0.0018531910262237375
121	0.0018531910262234374
130	0.001853191026223314
134	0.001853191026223257
127	0.0018531910262231087
132	0.001853191026223097
129	0.0018531910262230883
135	0.001853191026223047
131	0.001853191026223031
133	0.0018531910262228847
128	0.0018531910262228725
126	0.001853191026222753
124	0.0018531910262227403
123	0.0018531910262225293
110	0.0018239615509264787
107	0.0018239615509261502
114	0.0018239615509254923
113	0.0018239615509254808
118	0.0018239615509254093
112	0.0018239615509253698
117	0.0018239615509253286
115	0.0018239615509252755
108	0.0018239615509251606
116	0.0018239615509251285
119	0.001823961550924951
111	0.0018239615509246187
109	0.0018239615509245961
106	0.0018239615509238092
101	0.0017906099196950734
97	0.0017906099196950643
103	0.0017906099196948917
95	0.0017906099196948301
96	0.0017906099196947276
100	0.0017906099196946187
93	0.0017906099196946122
104	0.001790609919694549
98	0.0017906099196944851
92	0.0017906099196944429
94	0.0017906099196943418
99	0.0017906099196942046
102	0.0017906099196941954
82	0.001752382797627048
80	0.0017523827976267618
86	0.001752382797626256
84	0.0017523827976261275
88	0.0017523827976260269
79	0.0017523827976260108
87	0.0017523827976259649
89	0.0017523827976259597
90	0.001752382797625935
85	0.0017523827976258664
83	0.0017523827976253417
81	0.001752382797625211
72	0.0017083479050570163
68	0.0017083479050569426
67	0.0017083479050568203
70	0.0017083479050567704
75	0.0017083479050567201
76	0.0017083479050567052
73	0.001708347905056648
71	0.0017083479050564601
69	0.0017083479050562275
77	0.0017083479050559976
74	0.0017083479050559148
56	0.0016573398814517999
64	0.0016573398814507452
62	0.001657339881450692
59	0.0016573398814505363
60	0.0016573398814505127
61	0.0016573398814501237
58	0.0016573398814500777
63	0.0016573398814500404
65	0.0016573398814499708
57	0.0016573398814496913
46	0.001597885681919448
48	0.0015978856819190098
50	0.0015978856819187704
52	0.0015978856819186473
53	0.0015978856819184317
51	0.0015978856819183736
49	0.0015978856819183198
54	0.0015978856819183042
47	0.0015978856819181058
42	0.0015280999808566305
38	0.0015280999808565021
44	0.0015280999808564076
39	0.0015280999808563146
40	0.0015280999808560609
41	0.0015280999808559377
43	0.0015280999808556467
37	0.0015280999808555524
29	0.0014455356620817748
32	0.001445535662080999
31	0.0014455356620808177
34	0.0014455356620807986
35	0.0014455356620807019
33	0.0014455356620804364
30	0.0014455356620798872
23	0.0013469653913801174
26	0.0013469653913798553
25	0.0013469653913796946
27	0.0013469653913796458
22	0.0013469653913795183
24	0.0013469653913793186
17	0.0012280544681260832
19	0.0012280544681253667
20	0.0012280544681252843
18	0.001228054468124938
16	0.0012280544681248398
12	0.0010828566344999735
14	0.0010828566344998967
11	0.0010828566344995444
13	0.0010828566344993238
8	0.0009030108025350445
9	0.0009030108025349169
7	0.0009030108025342852
4	0.000676410327078648
5	0.0006764103270786357
2	0.00038489329891931343
