1	0.0019607843137254806
2	0.0019607843137254806
3	0.0019607843137254806
4	0.0019607843137254806
5	0.0019607843137254806
6	0.0019607843137254806
7	0.0019607843137254806
8	0.0019607843137254806
9	0.0019607843137254806
10	0.0019607843137254806
11	0.0019607843137254806
12	0.0019607843137254806
13	0.0019607843137254806
14	0.0019607843137254806
15	0.0019607843137254806
16	0.0019607843137254806
17	0.0019607843137254806
18	0.0019607843137254806
19	0.0019607843137254806
20	0.0019607843137254806
21	0.0019607843137254806
22	0.0019607843137254806
23	0.0019607843137254806
24	0.0019607843137254806
25	0.0019607843137254806
26	0.0019607843137254806
27	0.0019607843137254806
28	0.0019607843137254806
29	0.0019607843137254806
30	0.0019607843137254806
31	0.0019607843137254806
32	0.0019607843137254806
33	0.0019607843137254806
34	0.0019607843137254806
35	0.0019607843137254806
36	0.0019607843137254806
37	0.0019607843137254806
38	0.0019607843137254806
39	0.0019607843137254806
40	0.0019607843137254806
41	0.0019607843137254806
42	0.0019607843137254806
43	0.0019607843137254806
44	0.0019607843137254806
45	0.0019607843137254806
46	0.0019607843137254806
47	0.0019607843137254806
48	0.0019607843137254806
49	0.0019607843137254806
50	0.0019607843137254806
51	0.0019607843137254806
52	0.0019607843137254806
53	0.0019607843137254806
54	0.0019607843137254806
55	0.0019607843137254806
56	0.0019607843137254806
57	0.0019607843137254806
58	0.0019607843137254806
59	0.0019607843137254806
60	0.0019607843137254806
61	0.0019607843137254806
62	0.0019607843137254806
63	0.0019607843137254806
64	0.0019607843137254806
65	0.0019607843137254806
66	0.0019607843137254806
67	0.0019607843137254806
68	0.0019607843137254806
69	0.0019607843137254806
70	0.0019607843137254806
71	0.0019607843137254806
72	0.0019607843137254806
73	0.0019607843137254806
74	0.0019607843137254806
75	0.0019607843137254806
76	0.0019607843137254806
77	0.0019607843137254806
78	0.0019607843137254806
79	0.0019607843137254806
80	0.0019607843137254806
81	0.0019607843137254806
82	0.0019607843137254806
83	0.0019607843137254806
84	0.0019607843137254806
85	0.0019607843137254806
86	0.0019607843137254806
87	0.0019607843137254806
88	0.0019607843137254806
89	0.0019607843137254806
90	0.0019607843137254806
91	0.0019607843137254806
92	0.0019607843137254806
93	0.0019607843137254806
94	0.0019607843137254806
95	0.0019607843137254806
96	0.0019607843137254806
97	0.0019607843137254806
98	0.0019607843137254806
99	0.0019607843137254806
100	0.0019607843137254806
101	0.0019607843137254806
102	0.0019607843137254806
103	0.0019607843137254806
104	0.0019607843137254806
105	0.0019607843137254806
106	0.0019607843137254806
107	0.0019607843137254806
108	0.0019607843137254806
109	0.0019607843137254806
110	0.0019607843137254806
111	0.0019607843137254806
112	0.0019607843137254806
113	0.0019607843137254806
114	0.0019607843137254806
115	0.0019607843137254806
116	0.0019607843137254806
117	0.0019607843137254806
118	0.0019607843137254806
119	0.0019607843137254806
120	0.0019607843137254806
121	0.0019607843137254806
122	0.0019607843137254806
123	0.0019607843137254806
124	0.0019607843137254806
125	0.0019607843137254806
126	0.0019607843137254806
127	0.0019607843137254806
128	0.0019607843137254806
129	0.0019607843137254806
130	0.0019607843137254806
131	0.0019607843137254806
132	0.0019607843137254806
133	0.0019607843137254806
134	0.0019607843137254806
135	0.0019607843137254806
136	0.0019607843137254806
137	0.0019607843137254806
138	0.0019607843137254806
139	0.0019607843137254806
140	0.0019607843137254806
141	0.0019607843137254806
142	0.0019607843137254806
143	0.0019607843137254806
144	0.0019607843137254806
145	0.0019607843137254806
146	0.0019607843137254806
147	0.0019607843137254806
148	0.0019607843137254806
149	0.0019607843137254806
150	0.0019607843137254806
151	0.0019607843137254806
152	0.0019607843137254806
153	0.0019607843137254806
154	0.0019607843137254806
155	0.0019607843137254806
156	0.0019607843137254806
157	0.0019607843137254806
158	0.0019607843137254806
159	0.0019607843137254806
160	0.0019607843137254806
161	0.0019607843137254806
162	0.0019607843137254806
163	0.0019607843137254806
164	0.0019607843137254806
165	0.0019607843137254806
166	0.0019607843137254806
167	0.0019607843137254806
168	0.0019607843137254806
169	0.0019607843137254806
170	0.0019607843137254806
171	0.0019607843137254806
172	0.0019607843137254806
173	0.0019607843137254806
174	0.0019607843137254806
175	0.0019607843137254806
176	0.0019607843137254806
177	0.0019607843137254806
178	0.0019607843137254806
179	0.0019607843137254806
180	0.0019607843137254806
181	0.0019607843137254806
182	0.0019607843137254806
183	0.0019607843137254806
184	0.0019607843137254806
185	0.0019607843137254806
186	0.0019607843137254806
187	0.0019607843137254806
188	0.0019607843137254806
189	0.0019607843137254806
190	0.0019607843137254806
191	0.0019607843137254806
192	0.0019607843137254806
193	0.0019607843137254806
194	0.0019607843137254806
195	0.0019607843137254806
196	0.0019607843137254806
197	0.0019607843137254806
198	0.0019607843137254806
199	0.0019607843137254806
200	0.0019607843137254806
201	0.0019607843137254806
202	0.0019607843137254806
203	0.0019607843137254806
204	0.0019607843137254806
205	0.0019607843137254806
206	0.0019607843137254806
207	0.0019607843137254806
208	0.0019607843137254806
209	0.0019607843137254806
210	0.0019607843137254806
211	0.0019607843137254806
212	0.0019607843137254806
213	0.0019607843137254806
214	0.0019607843137254806
215	0.0019607843137254806
216	0.0019607843137254806
217	0.0019607843137254806
218	0.0019607843137254806
219	0.0019607843137254806
220	0.0019607843137254806
221	0.0019607843137254806
222	0.0019607843137254806
223	0.0019607843137254806
224	0.0019607843137254806
225	0.0019607843137254806
226	0.0019607843137254806
227	0.0019607843137254806
228	0.0019607843137254806
229	0.0019607843137254806
230	0.0019607843137254806
231	0.0019607843137254806
232	0.0019607843137254806
233	0.0019607843137254806
234	0.0019607843137254806
235	0.0019607843137254806
236	0.0019607843137254806
237	0.0019607843137254806
238	0.0019607843137254806
239	0.0019607843137254806
240	0.0019607843137254806
241	0.0019607843137254806
242	0.0019607843137254806
243	0.0019607843137254806
244	0.0019607843137254806
245	0.0019607843137254806
246	0.0019607843137254806
247	0.0019607843137254806
248	0.0019607843137254806
249	0.0019607843137254806
250	0.0019607843137254806
251	0.0019607843137254806
252	0.0019607843137254806
253	0.0019607843137254806
254	0.0019607843137254806
255	0.0019607843137254806
256	0.0019607843137254806
257	0.0019607843137254806
258	0.0019607843137254806
259	0.0019607843137254806
260	0.0019607843137254806
261	0.0019607843137254806
262	0.0019607843137254806
263	0.0019607843137254806
264	0.0019607843137254806
265	0.0019607843137254806
266	0.0019607843137254806
267	0.0019607843137254806
268	0.0019607843137254806
269	0.0019607843137254806
270	0.0019607843137254806
271	0.0019607843137254806
272	0.0019607843137254806
273	0.0019607843137254806
274	0.0019607843137254806
275	0.0019607843137254806
276	0.0019607843137254806
277	0.0019607843137254806
278	0.0019607843137254806
279	0.0019607843137254806
280	0.0019607843137254806
281	0.0019607843137254806
282	0.0019607843137254806
283	0.0019607843137254806
284	0.0019607843137254806
285	0.0019607843137254806
286	0.0019607843137254806
287	0.0019607843137254806
288	0.0019607843137254806
289	0.0019607843137254806
290	0.0019607843137254806
291	0.0019607843137254806
292	0.0019607843137254806
293	0.0019607843137254806
294	0.0019607843137254806
295	0.0019607843137254806
296	0.0019607843137254806
297	0.0019607843137254806
298	0.0019607843137254806
299	0.0019607843137254806
300	0.0019607843137254806
301	0.0019607843137254806
302	0.0019607843137254806
303	0.0019607843137254806
304	0.0019607843137254806
305	0.0019607843137254806
306	0.0019607843137254806
307	0.0019607843137254806
308	0.0019607843137254806
309	0.0019607843137254806
310	0.0019607843137254806
311	0.0019607843137254806
312	0.0019607843137254806
313	0.0019607843137254806
314	0.0019607843137254806
315	0.0019607843137254806
316	0.0019607843137254806
317	0.0019607843137254806
318	0.0019607843137254806
319	0.0019607843137254806
320	0.0019607843137254806
321	0.0019607843137254806
322	0.0019607843137254806
323	0.0019607843137254806
324	0.0019607843137254806
325	0.0019607843137254806
326	0.0019607843137254806
327	0.0019607843137254806
328	0.0019607843137254806
329	0.0019607843137254806
330	0.0019607843137254806
331	0.0019607843137254806
332	0.0019607843137254806
333	0.0019607843137254806
334	0.0019607843137254806
335	0.0019607843137254806
336	0.0019607843137254806
337	0.0019607843137254806
338	0.0019607843137254806
339	0.0019607843137254806
340	0.0019607843137254806
341	0.0019607843137254806
342	0.0019607843137254806
343	0.0019607843137254806
344	0.0019607843137254806
345	0.0019607843137254806
346	0.0019607843137254806
347	0.0019607843137254806
348	0.0019607843137254806
349	0.0019607843137254806
350	0.0019607843137254806
351	0.0019607843137254806
352	0.0019607843137254806
353	0.0019607843137254806
354	0.0019607843137254806
355	0.0019607843137254806
356	0.0019607843137254806
357	0.0019607843137254806
358	0.0019607843137254806
359	0.0019607843137254806
360	0.0019607843137254806
361	0.0019607843137254806
362	0.0019607843137254806
363	0.0019607843137254806
364	0.0019607843137254806
365	0.0019607843137254806
366	0.0019607843137254806
367	0.0019607843137254806
368	0.0019607843137254806
369	0.0019607843137254806
370	0.0019607843137254806
371	0.0019607843137254806
372	0.0019607843137254806
373	0.0019607843137254806
374	0.0019607843137254806
375	0.0019607843137254806
376	0.0019607843137254806
377	0.0019607843137254806
378	0.0019607843137254806
379	0.0019607843137254806
380	0.0019607843137254806
381	0.0019607843137254806
382	0.0019607843137254806
383	0.0019607843137254806
384	0.0019607843137254806
385	0.0019607843137254806
386	0.0019607843137254806
387	0.0019607843137254806
388	0.0019607843137254806
389	0.0019607843137254806
390	0.0019607843137254806
391	0.0019607843137254806
392	0.0019607843137254806
393	0.0019607843137254806
394	0.0019607843137254806
395	0.0019607843137254806
396	0.0019607843137254806
397	0.0019607843137254806
398	0.0019607843137254806
399	0.0019607843137254806
400	0.0019607843137254806
401	0.0019607843137254806
402	0.0019607843137254806
403	0.0019607843137254806
404	0.0019607843137254806
405	0.0019607843137254806
406	0.0019607843137254806
407	0.0019607843137254806
408	0.0019607843137254806
409	0.0019607843137254806
410	0.0019607843137254806
411	0.0019607843137254806
412	0.0019607843137254806
413	0.0019607843137254806
414	0.0019607843137254806
415	0.0019607843137254806
416	0.0019607843137254806
417	0.0019607843137254806
418	0.0019607843137254806
419	0.0019607843137254806
420	0.0019607843137254806
421	0.0019607843137254806
422	0.0019607843137254806
423	0.0019607843137254806
424	0.0019607843137254806
425	0.0019607843137254806
426	0.0019607843137254806
427	0.0019607843137254806
428	0.0019607843137254806
429	0.0019607843137254806
430	0.0019607843137254806
431	0.0019607843137254806
432	0.0019607843137254806
433	0.0019607843137254806
434	0.0019607843137254806
435	0.0019607843137254806
436	0.0019607843137254806
437	0.0019607843137254806
438	0.0019607843137254806
439	0.0019607843137254806
440	0.0019607843137254806
441	0.0019607843137254806
442	0.0019607843137254806
443	0.0019607843137254806
444	0.0019607843137254806
445	0.0019607843137254806
446	0.0019607843137254806
447	0.0019607843137254806
448	0.0019607843137254806
449	0.0019607843137254806
450	0.0019607843137254806
451	0.0019607843137254806
452	0.0019607843137254806
453	0.0019607843137254806
454	0.0019607843137254806
455	0.0019607843137254806
456	0.0019607843137254806
457	0.0019607843137254806
458	0.0019607843137254806
459	0.0019607843137254806
460	0.0019607843137254806
461	0.0019607843137254806
462	0.0019607843137254806
463	0.0019607843137254806
464	0.0019607843137254806
465	0.0019607843137254806
466	0.0019607843137254806
467	0.0019607843137254806
468	0.0019607843137254806
469	0.0019607843137254806
470	0.0019607843137254806
471	0.0019607843137254806
472	0.0019607843137254806
473	0.0019607843137254806
474	0.0019607843137254806
475	0.0019607843137254806
476	0.0019607843137254806
477	0.0019607843137254806
478	0.0019607843137254806
479	0.0019607843137254806
480	0.0019607843137254806
481	0.0019607843137254806
482	0.0019607843137254806
483	0.0019607843137254806
484	0.0019607843137254806
485	0.0019607843137254806
486	0.0019607843137254806
487	0.0019607843137254806
488	0.0019607843137254806
489	0.0019607843137254806
490	0.0019607843137254806
491	0.0019607843137254806
492	0.0019607843137254806
493	0.0019607843137254806
494	0.0019607843137254806
495	0.0019607843137254806
496	0.0019607843137254806
497	0.0019607843137254806
498	0.0019607843137254806
499	0.0019607843137254806
500	0.0019607843137254806
501	0.0019607843137254806
502	0.0019607843137254806
503	0.0019607843137254806
504	0.0019607843137254806
505	0.0019607843137254806
506	0.0019607843137254806
507	0.0019607843137254806
508	0.0019607843137254806
509	0.0019607843137254806
510	0.0019607843137254806
