820	0.0025349213054377128
780	0.0025330459089078308
741	0.002531042299936504
703	0.002528899755133514
666	0.0025266064334555642
630	0.002524149233703291
595	0.0025215136302272766
561	0.0025186834829138472
528	0.0025156408166980564
496	0.0025123655648289383
465	0.0025088352688375265
435	0.002505024726558933
406	0.0025009055775432115
378	0.002496445812629944
351	0.0024916091911928884
325	0.0024863545453573228
300	0.002480634945049744
276	0.0024743966906361197
253	0.0024675780905614275
231	0.00246010796900689
210	0.0024519038319833855
190	0.0024428695978397155
171	0.002432892767506017
153	0.002421840867435664
136	0.0024095569389773527
120	0.002395853763995925
105	0.002380506395992412
91	0.0023632423900665812
78	0.0023437288640984727
66	0.002321555129229075
55	0.0022962090198871037
45	0.0022670440955686153
36	0.00223323333887174
28	0.0021937024041632012
21	0.0021470310689516332
15	0.002091303729744242
10	0.002023875358992752
6	0.001940991428750455
3	0.001837143278404768
1	0.001703916083896758
821	0.0011777697402369953
822	0.0011777697402369953
823	0.0011777697402369953
824	0.0011777697402369953
825	0.0011777697402369953
826	0.0011777697402369953
827	0.0011777697402369953
828	0.0011777697402369953
829	0.0011777697402369953
830	0.0011777697402369953
831	0.0011777697402369953
832	0.0011777697402369953
833	0.0011777697402369953
834	0.0011777697402369953
835	0.0011777697402369953
836	0.0011777697402369953
837	0.0011777697402369953
838	0.0011777697402369953
839	0.0011777697402369953
840	0.0011777697402369953
841	0.0011777697402369953
842	0.0011777697402369953
843	0.0011777697402369953
844	0.0011777697402369953
845	0.0011777697402369953
846	0.0011777697402369953
847	0.0011777697402369953
848	0.0011777697402369953
849	0.0011777697402369953
850	0.0011777697402369953
851	0.0011777697402369953
852	0.0011777697402369953
853	0.0011777697402369953
854	0.0011777697402369953
855	0.0011777697402369953
856	0.0011777697402369953
857	0.0011777697402369953
858	0.0011777697402369953
859	0.0011777697402369953
860	0.0011777697402369953
781	0.0011759507267150796
782	0.0011759507267150796
783	0.0011759507267150796
784	0.0011759507267150796
785	0.0011759507267150796
786	0.0011759507267150796
787	0.0011759507267150796
788	0.0011759507267150796
789	0.0011759507267150796
790	0.0011759507267150796
791	0.0011759507267150796
792	0.0011759507267150796
793	0.0011759507267150796
794	0.0011759507267150796
795	0.0011759507267150796
796	0.0011759507267150796
797	0.0011759507267150796
798	0.0011759507267150796
799	0.0011759507267150796
800	0.0011759507267150796
801	0.0011759507267150796
802	0.0011759507267150796
803	0.0011759507267150796
804	0.0011759507267150796
805	0.0011759507267150796
806	0.0011759507267150796
807	0.0011759507267150796
808	0.0011759507267150796
809	0.0011759507267150796
810	0.0011759507267150796
811	0.0011759507267150796
812	0.0011759507267150796
813	0.0011759507267150796
814	0.0011759507267150796
815	0.0011759507267150796
816	0.0011759507267150796
817	0.0011759507267150796
818	0.0011759507267150796
819	0.0011759507267150796
742	0.0011739892705948543
743	0.0011739892705948543
744	0.0011739892705948543
745	0.0011739892705948543
746	0.0011739892705948543
747	0.0011739892705948543
748	0.0011739892705948543
749	0.0011739892705948543
750	0.0011739892705948543
751	0.0011739892705948543
752	0.0011739892705948543
753	0.0011739892705948543
754	0.0011739892705948543
755	0.0011739892705948543
756	0.0011739892705948543
757	0.0011739892705948543
758	0.0011739892705948543
759	0.0011739892705948543
760	0.0011739892705948543
761	0.0011739892705948543
762	0.0011739892705948543
763	0.0011739892705948543
764	0.0011739892705948543
765	0.0011739892705948543
766	0.0011739892705948543
767	0.0011739892705948543
768	0.0011739892705948543
769	0.0011739892705948543
770	0.0011739892705948543
771	0.0011739892705948543
772	0.0011739892705948543
773	0.0011739892705948543
774	0.0011739892705948543
775	0.0011739892705948543
776	0.0011739892705948543
777	0.0011739892705948543
778	0.0011739892705948543
779	0.0011739892705948543
704	0.0011718729464325914
705	0.0011718729464325914
706	0.0011718729464325914
707	0.0011718729464325914
708	0.0011718729464325914
709	0.0011718729464325914
710	0.0011718729464325914
711	0.0011718729464325914
712	0.0011718729464325914
713	0.0011718729464325914
714	0.0011718729464325914
715	0.0011718729464325914
716	0.0011718729464325914
717	0.0011718729464325914
718	0.0011718729464325914
719	0.0011718729464325914
720	0.0011718729464325914
721	0.0011718729464325914
722	0.0011718729464325914
723	0.0011718729464325914
724	0.0011718729464325914
725	0.0011718729464325914
726	0.0011718729464325914
727	0.0011718729464325914
728	0.0011718729464325914
729	0.0011718729464325914
730	0.0011718729464325914
731	0.0011718729464325914
732	0.0011718729464325914
733	0.0011718729464325914
734	0.0011718729464325914
735	0.0011718729464325914
736	0.0011718729464325914
737	0.0011718729464325914
738	0.0011718729464325914
739	0.0011718729464325914
740	0.0011718729464325914
667	0.001169588009146664
668	0.001169588009146664
669	0.001169588009146664
670	0.001169588009146664
671	0.001169588009146664
672	0.001169588009146664
673	0.001169588009146664
674	0.001169588009146664
675	0.001169588009146664
676	0.001169588009146664
677	0.001169588009146664
678	0.001169588009146664
679	0.001169588009146664
680	0.001169588009146664
681	0.001169588009146664
682	0.001169588009146664
683	0.001169588009146664
684	0.001169588009146664
685	0.001169588009146664
686	0.001169588009146664
687	0.001169588009146664
688	0.001169588009146664
689	0.001169588009146664
690	0.001169588009146664
691	0.001169588009146664
692	0.001169588009146664
693	0.001169588009146664
694	0.001169588009146664
695	0.001169588009146664
696	0.001169588009146664
697	0.001169588009146664
698	0.001169588009146664
699	0.001169588009146664
700	0.001169588009146664
701	0.001169588009146664
702	0.001169588009146664
631	0.0011671192241202292
632	0.0011671192241202292
633	0.0011671192241202292
634	0.0011671192241202292
635	0.0011671192241202292
636	0.0011671192241202292
637	0.0011671192241202292
638	0.0011671192241202292
639	0.0011671192241202292
640	0.0011671192241202292
641	0.0011671192241202292
642	0.0011671192241202292
643	0.0011671192241202292
644	0.0011671192241202292
645	0.0011671192241202292
646	0.0011671192241202292
647	0.0011671192241202292
648	0.0011671192241202292
649	0.0011671192241202292
650	0.0011671192241202292
651	0.0011671192241202292
652	0.0011671192241202292
653	0.0011671192241202292
654	0.0011671192241202292
655	0.0011671192241202292
656	0.0011671192241202292
657	0.0011671192241202292
658	0.0011671192241202292
659	0.0011671192241202292
660	0.0011671192241202292
661	0.0011671192241202292
662	0.0011671192241202292
663	0.0011671192241202292
664	0.0011671192241202292
665	0.0011671192241202292
596	0.0011644496711841995
597	0.0011644496711841995
598	0.0011644496711841995
599	0.0011644496711841995
600	0.0011644496711841995
601	0.0011644496711841995
602	0.0011644496711841995
603	0.0011644496711841995
604	0.0011644496711841995
605	0.0011644496711841995
606	0.0011644496711841995
607	0.0011644496711841995
608	0.0011644496711841995
609	0.0011644496711841995
610	0.0011644496711841995
611	0.0011644496711841995
612	0.0011644496711841995
613	0.0011644496711841995
614	0.0011644496711841995
615	0.0011644496711841995
616	0.0011644496711841995
617	0.0011644496711841995
618	0.0011644496711841995
619	0.0011644496711841995
620	0.0011644496711841995
621	0.0011644496711841995
622	0.0011644496711841995
623	0.0011644496711841995
624	0.0011644496711841995
625	0.0011644496711841995
626	0.0011644496711841995
627	0.0011644496711841995
628	0.0011644496711841995
629	0.0011644496711841995
562	0.0011615605177564886
563	0.0011615605177564886
564	0.0011615605177564886
565	0.0011615605177564886
566	0.0011615605177564886
567	0.0011615605177564886
568	0.0011615605177564886
569	0.0011615605177564886
570	0.0011615605177564886
571	0.0011615605177564886
572	0.0011615605177564886
573	0.0011615605177564886
574	0.0011615605177564886
575	0.0011615605177564886
576	0.0011615605177564886
577	0.0011615605177564886
578	0.0011615605177564886
579	0.0011615605177564886
580	0.0011615605177564886
581	0.0011615605177564886
582	0.0011615605177564886
583	0.0011615605177564886
584	0.0011615605177564886
585	0.0011615605177564886
586	0.0011615605177564886
587	0.0011615605177564886
588	0.0011615605177564886
589	0.0011615605177564886
590	0.0011615605177564886
591	0.0011615605177564886
592	0.0011615605177564886
593	0.0011615605177564886
594	0.0011615605177564886
529	0.0011584307554214923
530	0.0011584307554214923
531	0.0011584307554214923
532	0.0011584307554214923
533	0.0011584307554214923
534	0.0011584307554214923
535	0.0011584307554214923
536	0.0011584307554214923
537	0.0011584307554214923
538	0.0011584307554214923
539	0.0011584307554214923
540	0.0011584307554214923
541	0.0011584307554214923
542	0.0011584307554214923
543	0.0011584307554214923
544	0.0011584307554214923
545	0.0011584307554214923
546	0.0011584307554214923
547	0.0011584307554214923
548	0.0011584307554214923
549	0.0011584307554214923
550	0.0011584307554214923
551	0.0011584307554214923
552	0.0011584307554214923
553	0.0011584307554214923
554	0.0011584307554214923
555	0.0011584307554214923
556	0.0011584307554214923
557	0.0011584307554214923
558	0.0011584307554214923
559	0.0011584307554214923
560	0.0011584307554214923
497	0.0011550368930025208
498	0.0011550368930025208
499	0.0011550368930025208
500	0.0011550368930025208
501	0.0011550368930025208
502	0.0011550368930025208
503	0.0011550368930025208
504	0.0011550368930025208
505	0.0011550368930025208
506	0.0011550368930025208
507	0.0011550368930025208
508	0.0011550368930025208
509	0.0011550368930025208
510	0.0011550368930025208
511	0.0011550368930025208
512	0.0011550368930025208
513	0.0011550368930025208
514	0.0011550368930025208
515	0.0011550368930025208
516	0.0011550368930025208
517	0.0011550368930025208
518	0.0011550368930025208
519	0.0011550368930025208
520	0.0011550368930025208
521	0.0011550368930025208
522	0.0011550368930025208
523	0.0011550368930025208
524	0.0011550368930025208
525	0.0011550368930025208
526	0.0011550368930025208
527	0.0011550368930025208
466	0.001151352597643789
467	0.001151352597643789
468	0.001151352597643789
469	0.001151352597643789
470	0.001151352597643789
471	0.001151352597643789
472	0.001151352597643789
473	0.001151352597643789
474	0.001151352597643789
475	0.001151352597643789
476	0.001151352597643789
477	0.001151352597643789
478	0.001151352597643789
479	0.001151352597643789
480	0.001151352597643789
481	0.001151352597643789
482	0.001151352597643789
483	0.001151352597643789
484	0.001151352597643789
485	0.001151352597643789
486	0.001151352597643789
487	0.001151352597643789
488	0.001151352597643789
489	0.001151352597643789
490	0.001151352597643789
491	0.001151352597643789
492	0.001151352597643789
493	0.001151352597643789
494	0.001151352597643789
495	0.001151352597643789
436	0.0011473482734916207
437	0.0011473482734916207
438	0.0011473482734916207
439	0.0011473482734916207
440	0.0011473482734916207
441	0.0011473482734916207
442	0.0011473482734916207
443	0.0011473482734916207
444	0.0011473482734916207
445	0.0011473482734916207
446	0.0011473482734916207
447	0.0011473482734916207
448	0.0011473482734916207
449	0.0011473482734916207
450	0.0011473482734916207
451	0.0011473482734916207
452	0.0011473482734916207
453	0.0011473482734916207
454	0.0011473482734916207
455	0.0011473482734916207
456	0.0011473482734916207
457	0.0011473482734916207
458	0.0011473482734916207
459	0.0011473482734916207
460	0.0011473482734916207
461	0.0011473482734916207
462	0.0011473482734916207
463	0.0011473482734916207
464	0.0011473482734916207
407	0.001142990565133642
408	0.001142990565133642
409	0.001142990565133642
410	0.001142990565133642
411	0.001142990565133642
412	0.001142990565133642
413	0.001142990565133642
414	0.001142990565133642
415	0.001142990565133642
416	0.001142990565133642
417	0.001142990565133642
418	0.001142990565133642
419	0.001142990565133642
420	0.001142990565133642
421	0.001142990565133642
422	0.001142990565133642
423	0.001142990565133642
424	0.001142990565133642
425	0.001142990565133642
426	0.001142990565133642
427	0.001142990565133642
428	0.001142990565133642
429	0.001142990565133642
430	0.001142990565133642
431	0.001142990565133642
432	0.001142990565133642
433	0.001142990565133642
434	0.001142990565133642
379	0.0011382417698690022
380	0.0011382417698690022
381	0.0011382417698690022
382	0.0011382417698690022
383	0.0011382417698690022
384	0.0011382417698690022
385	0.0011382417698690022
386	0.0011382417698690022
387	0.0011382417698690022
388	0.0011382417698690022
389	0.0011382417698690022
390	0.0011382417698690022
391	0.0011382417698690022
392	0.0011382417698690022
393	0.0011382417698690022
394	0.0011382417698690022
395	0.0011382417698690022
396	0.0011382417698690022
397	0.0011382417698690022
398	0.0011382417698690022
399	0.0011382417698690022
400	0.0011382417698690022
401	0.0011382417698690022
402	0.0011382417698690022
403	0.0011382417698690022
404	0.0011382417698690022
405	0.0011382417698690022
352	0.0011330591389414426
353	0.0011330591389414426
354	0.0011330591389414426
355	0.0011330591389414426
356	0.0011330591389414426
357	0.0011330591389414426
358	0.0011330591389414426
359	0.0011330591389414426
360	0.0011330591389414426
361	0.0011330591389414426
362	0.0011330591389414426
363	0.0011330591389414426
364	0.0011330591389414426
365	0.0011330591389414426
366	0.0011330591389414426
367	0.0011330591389414426
368	0.0011330591389414426
369	0.0011330591389414426
370	0.0011330591389414426
371	0.0011330591389414426
372	0.0011330591389414426
373	0.0011330591389414426
374	0.0011330591389414426
375	0.0011330591389414426
376	0.0011330591389414426
377	0.0011330591389414426
326	0.001127394042798192
327	0.001127394042798192
328	0.001127394042798192
329	0.001127394042798192
330	0.001127394042798192
331	0.001127394042798192
332	0.001127394042798192
333	0.001127394042798192
334	0.001127394042798192
335	0.001127394042798192
336	0.001127394042798192
337	0.001127394042798192
338	0.001127394042798192
339	0.001127394042798192
340	0.001127394042798192
341	0.001127394042798192
342	0.001127394042798192
343	0.001127394042798192
344	0.001127394042798192
345	0.001127394042798192
346	0.001127394042798192
347	0.001127394042798192
348	0.001127394042798192
349	0.001127394042798192
350	0.001127394042798192
301	0.0011211909688727231
302	0.0011211909688727231
303	0.0011211909688727231
304	0.0011211909688727231
305	0.0011211909688727231
306	0.0011211909688727231
307	0.0011211909688727231
308	0.0011211909688727231
309	0.0011211909688727231
310	0.0011211909688727231
311	0.0011211909688727231
312	0.0011211909688727231
313	0.0011211909688727231
314	0.0011211909688727231
315	0.0011211909688727231
316	0.0011211909688727231
317	0.0011211909688727231
318	0.0011211909688727231
319	0.0011211909688727231
320	0.0011211909688727231
321	0.0011211909688727231
322	0.0011211909688727231
323	0.0011211909688727231
324	0.0011211909688727231
277	0.001114386311821652
278	0.001114386311821652
279	0.001114386311821652
280	0.001114386311821652
281	0.001114386311821652
282	0.001114386311821652
283	0.001114386311821652
284	0.001114386311821652
285	0.001114386311821652
286	0.001114386311821652
287	0.001114386311821652
288	0.001114386311821652
289	0.001114386311821652
290	0.001114386311821652
291	0.001114386311821652
292	0.001114386311821652
293	0.001114386311821652
294	0.001114386311821652
295	0.001114386311821652
296	0.001114386311821652
297	0.001114386311821652
298	0.001114386311821652
299	0.001114386311821652
254	0.0011069069048745958
255	0.0011069069048745958
256	0.0011069069048745958
257	0.0011069069048745958
258	0.0011069069048745958
259	0.0011069069048745958
260	0.0011069069048745958
261	0.0011069069048745958
262	0.0011069069048745958
263	0.0011069069048745958
264	0.0011069069048745958
265	0.0011069069048745958
266	0.0011069069048745958
267	0.0011069069048745958
268	0.0011069069048745958
269	0.0011069069048745958
270	0.0011069069048745958
271	0.0011069069048745958
272	0.0011069069048745958
273	0.0011069069048745958
274	0.0011069069048745958
275	0.0011069069048745958
232	0.001098668225999981
233	0.001098668225999981
234	0.001098668225999981
235	0.001098668225999981
236	0.001098668225999981
237	0.001098668225999981
238	0.001098668225999981
239	0.001098668225999981
240	0.001098668225999981
241	0.001098668225999981
242	0.001098668225999981
243	0.001098668225999981
244	0.001098668225999981
245	0.001098668225999981
246	0.001098668225999981
247	0.001098668225999981
248	0.001098668225999981
249	0.001098668225999981
250	0.001098668225999981
251	0.001098668225999981
252	0.001098668225999981
211	0.00108957219256357
212	0.00108957219256357
213	0.00108957219256357
214	0.00108957219256357
215	0.00108957219256357
216	0.00108957219256357
217	0.00108957219256357
218	0.00108957219256357
219	0.00108957219256357
220	0.00108957219256357
221	0.00108957219256357
222	0.00108957219256357
223	0.00108957219256357
224	0.00108957219256357
225	0.00108957219256357
226	0.00108957219256357
227	0.00108957219256357
228	0.00108957219256357
229	0.00108957219256357
230	0.00108957219256357
191	0.0010795044310782898
192	0.0010795044310782898
193	0.0010795044310782898
194	0.0010795044310782898
195	0.0010795044310782898
196	0.0010795044310782898
197	0.0010795044310782898
198	0.0010795044310782898
199	0.0010795044310782898
200	0.0010795044310782898
201	0.0010795044310782898
202	0.0010795044310782898
203	0.0010795044310782898
204	0.0010795044310782898
205	0.0010795044310782898
206	0.0010795044310782898
207	0.0010795044310782898
208	0.0010795044310782898
209	0.0010795044310782898
172	0.0010683308716466272
173	0.0010683308716466272
174	0.0010683308716466272
175	0.0010683308716466272
176	0.0010683308716466272
177	0.0010683308716466272
178	0.0010683308716466272
179	0.0010683308716466272
180	0.0010683308716466272
181	0.0010683308716466272
182	0.0010683308716466272
183	0.0010683308716466272
184	0.0010683308716466272
185	0.0010683308716466272
186	0.0010683308716466272
187	0.0010683308716466272
188	0.0010683308716466272
189	0.0010683308716466272
154	0.0010558934655773915
155	0.0010558934655773915
156	0.0010558934655773915
157	0.0010558934655773915
158	0.0010558934655773915
159	0.0010558934655773915
160	0.0010558934655773915
161	0.0010558934655773915
162	0.0010558934655773915
163	0.0010558934655773915
164	0.0010558934655773915
165	0.0010558934655773915
166	0.0010558934655773915
167	0.0010558934655773915
168	0.0010558934655773915
169	0.0010558934655773915
170	0.0010558934655773915
137	0.0010420047531698947
138	0.0010420047531698947
139	0.0010420047531698947
140	0.0010420047531698947
141	0.0010420047531698947
142	0.0010420047531698947
143	0.0010420047531698947
144	0.0010420047531698947
145	0.0010420047531698947
146	0.0010420047531698947
147	0.0010420047531698947
148	0.0010420047531698947
149	0.0010420047531698947
150	0.0010420047531698947
151	0.0010420047531698947
152	0.0010420047531698947
121	0.0010264409073743694
122	0.0010264409073743694
123	0.0010264409073743694
124	0.0010264409073743694
125	0.0010264409073743694
126	0.0010264409073743694
127	0.0010264409073743694
128	0.0010264409073743694
129	0.0010264409073743694
130	0.0010264409073743694
131	0.0010264409073743694
132	0.0010264409073743694
133	0.0010264409073743694
134	0.0010264409073743694
135	0.0010264409073743694
106	0.0010089327335033945
107	0.0010089327335033945
108	0.0010089327335033945
109	0.0010089327335033945
110	0.0010089327335033945
111	0.0010089327335033945
112	0.0010089327335033945
113	0.0010089327335033945
114	0.0010089327335033945
115	0.0010089327335033945
116	0.0010089327335033945
117	0.0010089327335033945
118	0.0010089327335033945
119	0.0010089327335033945
92	0.0009891538928272724
93	0.0009891538928272724
94	0.0009891538928272724
95	0.0009891538928272724
96	0.0009891538928272724
97	0.0009891538928272724
98	0.0009891538928272724
99	0.0009891538928272724
100	0.0009891538928272724
101	0.0009891538928272724
102	0.0009891538928272724
103	0.0009891538928272724
104	0.0009891538928272724
79	0.0009667053028549287
80	0.0009667053028549287
81	0.0009667053028549287
82	0.0009667053028549287
83	0.0009667053028549287
84	0.0009667053028549287
85	0.0009667053028549287
86	0.0009667053028549287
87	0.0009667053028549287
88	0.0009667053028549287
89	0.0009667053028549287
90	0.0009667053028549287
67	0.0009410941911034676
68	0.0009410941911034676
69	0.0009410941911034676
70	0.0009410941911034676
71	0.0009410941911034676
72	0.0009410941911034676
73	0.0009410941911034676
74	0.0009410941911034676
75	0.0009410941911034676
76	0.0009410941911034676
77	0.0009410941911034676
56	0.0009117055453569965
57	0.0009117055453569965
58	0.0009117055453569965
59	0.0009117055453569965
60	0.0009117055453569965
61	0.0009117055453569965
62	0.0009117055453569965
63	0.0009117055453569965
64	0.0009117055453569965
65	0.0009117055453569965
46	0.0008777625468008101
47	0.0008777625468008101
48	0.0008777625468008101
49	0.0008777625468008101
50	0.0008777625468008101
51	0.0008777625468008101
52	0.0008777625468008101
53	0.0008777625468008101
54	0.0008777625468008101
37	0.0008382707038830906
38	0.0008382707038830906
39	0.0008382707038830906
40	0.0008382707038830906
41	0.0008382707038830906
42	0.0008382707038830906
43	0.0008382707038830906
44	0.0008382707038830906
29	0.0007919373018136658
30	0.0007919373018136658
31	0.0007919373018136658
32	0.0007919373018136658
33	0.0007919373018136658
34	0.0007919373018136658
35	0.0007919373018136658
22	0.0007370524675993239
23	0.0007370524675993239
24	0.0007370524675993239
25	0.0007370524675993239
26	0.0007370524675993239
27	0.0007370524675993239
16	0.0006713087208628223
17	0.0006713087208628223
18	0.0006713087208628223
19	0.0006713087208628223
20	0.0006713087208628223
11	0.0005915184645501716
12	0.0005915184645501716
13	0.0005915184645501716
14	0.0005915184645501716
7	0.0004931551712929945
8	0.0004931551712929945
9	0.0004931551712929945
4	0.00036957516785556335
5	0.00036957516785556335
2	0.0002106268214911603
